1    -1.922676    0.000000
2    -0.299254    0.000000
3    -0.211089    0.000000
4    -0.113119    0.000000
5    -0.381056    0.000000
6    -0.451285    0.000000
7    -0.172818    0.142857
8    -0.274971    0.125000
9    -0.226397    0.111111
10    -0.443748    0.100000
11    -0.434385    0.090909
12    -0.357537    0.083333
13    -0.245647    0.076923
14    -0.117977    0.142857
15    -0.174320    0.133333
16    -0.243961    0.125000
17    -0.285158    0.117647
18    -0.134111    0.166667
19    -0.143926    0.157895
20    -0.113993    0.150000
21    -0.063743    0.142857
22    -0.088146    0.136364
23    -0.123740    0.130435
24    -0.147266    0.125000
25    -0.088650    0.120000
26    -0.053657    0.115385
27    -0.106257    0.111111
28    -0.115546    0.107143
29    -0.129810    0.103448
30    -0.132299    0.100000
31    -0.112638    0.096774
32    -0.137172    0.093750
33    -0.094440    0.090909
34    -0.085342    0.088235
35    -0.107895    0.085714
36    -0.113231    0.083333
37    -0.097057    0.108108
38    -0.123226    0.105263
39    -0.107096    0.102564
40    -0.080659    0.125000
41    -0.095871    0.121951
42    -0.080239    0.119048
43    -0.052146    0.116279
44    -0.037412    0.113636
45    -0.032520    0.111111
46    -0.046790    0.108696
47    -0.070195    0.106383
48    -0.092424    0.104167
49    -0.101820    0.102041
50    -0.091565    0.100000
51    -0.101581    0.098039
52    -0.091879    0.096154
53    -0.084148    0.094340
54    -0.102313    0.092593
55    -0.127511    0.090909
56    -0.130214    0.089286
57    -0.101439    0.105263
58    -0.098208    0.103448
59    -0.105636    0.101695
60    -0.112308    0.100000
61    -0.105201    0.098361
62    -0.081729    0.096774
63    -0.083627    0.095238
64    -0.060890    0.093750
65    -0.096980    0.092308
66    -0.110300    0.090909
67    -0.108529    0.089552
68    -0.115528    0.088235
69    -0.099119    0.101449
70    -0.066301    0.100000
71    -0.051007    0.112676
72    -0.052011    0.111111
73    -0.052416    0.109589
74    -0.031955    0.121622
75    -0.038365    0.120000
76    -0.051068    0.118421
77    -0.036950    0.129870
78    -0.030231    0.128205
79    -0.042727    0.126582
80    -0.049105    0.125000
81    -0.047424    0.123457
82    -0.037841    0.121951
83    -0.034257    0.120482
84    -0.040322    0.119048
85    -0.037448    0.117647
86    -0.060139    0.116279
87    -0.049844    0.114943
88    -0.042757    0.113636
89    -0.048068    0.112360
90    -0.042228    0.111111
91    -0.057176    0.109890
92    -0.076508    0.108696
93    -0.069441    0.107527
94    -0.063975    0.106383
95    -0.041758    0.115789
96    -0.043997    0.114583
97    -0.052720    0.113402
98    -0.050929    0.112245
99    -0.038930    0.121212
100    -0.039964    0.120000
101    -0.043545    0.118812
102    -0.052152    0.117647
103    -0.051542    0.116505
104    -0.059919    0.115385
105    -0.050268    0.114286
106    -0.069220    0.113208
107    -0.064974    0.112150
108    -0.061838    0.111111
109    -0.068501    0.110092
110    -0.059052    0.109091
111    -0.063070    0.108108
112    -0.062933    0.107143
113    -0.053574    0.115044
114    -0.046099    0.114035
115    -0.052633    0.113043
116    -0.044881    0.112069
117    -0.067801    0.111111
118    -0.071283    0.110169
119    -0.077311    0.109244
120    -0.066720    0.108333
121    -0.064704    0.107438
122    -0.069398    0.106557
123    -0.072665    0.105691
124    -0.071705    0.104839
125    -0.064506    0.104000
126    -0.080076    0.103175
127    -0.073189    0.102362
128    -0.066035    0.101563
129    -0.052385    0.100775
130    -0.039500    0.107692
131    -0.035725    0.106870
132    -0.025375    0.106061
133    -0.030810    0.105263
134    -0.032921    0.104478
135    -0.025775    0.103704
136    -0.012548    0.110294
137    -0.003514    0.109489
138    0.010493    0.115942
139    0.013944    0.115108
140    0.002584    0.114286
141    0.004418    0.113475
142    0.006341    0.112676
143    0.014894    0.111888
144    0.015829    0.111111
145    0.018338    0.110345
146    0.025705    0.109589
147    0.033802    0.108844
148    0.029028    0.108108
149    0.023698    0.107383
150    0.041790    0.113333
151    0.046959    0.119205
152    0.033098    0.118421
153    0.024458    0.117647
154    0.025203    0.116883
155    0.021233    0.116129
156    0.025674    0.115385
157    0.026862    0.114650
158    0.026535    0.113924
159    0.024222    0.113208
160    0.025795    0.112500
161    0.029685    0.111801
162    0.025908    0.111111
163    0.030947    0.110429
164    0.035952    0.109756
165    0.022001    0.109091
166    0.022334    0.108434
167    0.025872    0.107784
168    0.029874    0.107143
169    0.027969    0.106509
170    0.024264    0.105882
171    0.030938    0.105263
172    0.031625    0.104651
173    0.036133    0.104046
174    0.039123    0.103448
175    0.038845    0.102857
176    0.047675    0.102273
177    0.057043    0.101695
178    0.061810    0.101124
179    0.068941    0.100559
180    0.079118    0.105556
181    0.086315    0.110497
182    0.089291    0.115385
183    0.089091    0.114754
184    0.094075    0.119565
185    0.095916    0.118919
186    0.092623    0.118280
187    0.090621    0.117647
188    0.098447    0.117021
189    0.090572    0.116402
190    0.084830    0.115789
191    0.078925    0.115183
192    0.073397    0.114583
193    0.072160    0.113990
194    0.067544    0.113402
195    0.072625    0.112821
196    0.072103    0.112245
197    0.072545    0.111675
198    0.072252    0.111111
199    0.082196    0.110553
200    0.083262    0.110000
201    0.077471    0.109453
202    0.076964    0.108911
203    0.074242    0.108374
204    0.068666    0.107843
205    0.069208    0.107317
206    0.065694    0.106796
207    0.064133    0.106280
208    0.064552    0.105769
209    0.072309    0.105263
210    0.075635    0.109524
211    0.076822    0.109005
212    0.073197    0.108491
213    0.071967    0.107981
214    0.067355    0.107477
215    0.066678    0.106977
216    0.059659    0.106481
217    0.065001    0.105991
218    0.065067    0.105505
219    0.066637    0.105023
220    0.068261    0.104545
221    0.058283    0.104072
222    0.057363    0.103604
223    0.054782    0.103139
224    0.057934    0.102679
225    0.057824    0.102222
226    0.056210    0.101770
227    0.047228    0.101322
228    0.059867    0.105263
229    0.059968    0.104803
230    0.062802    0.104348
231    0.065527    0.103896
232    0.064446    0.103448
233    0.066006    0.103004
234    0.065283    0.102564
235    0.067172    0.102128
236    0.064337    0.101695
237    0.067718    0.101266
238    0.072542    0.105042
239    0.073594    0.104603
240    0.077433    0.104167
241    0.073969    0.103734
242    0.072576    0.103306
243    0.074126    0.102881
244    0.071180    0.102459
245    0.072616    0.102041
246    0.065675    0.101626
247    0.058973    0.101215
248    0.058821    0.100806
249    0.062274    0.100402
250    0.059584    0.100000
251    0.060459    0.099602
252    0.061985    0.099206
253    0.063710    0.098814
254    0.058008    0.098425
255    0.054320    0.098039
256    0.056438    0.097656
257    0.054333    0.097276
258    0.056875    0.096899
259    0.056899    0.096525
260    0.051151    0.096154
261    0.058077    0.095785
262    0.064583    0.099237
263    0.067466    0.098859
264    0.066097    0.098485
265    0.067943    0.098113
266    0.075234    0.097744
267    0.073828    0.097378
268    0.076303    0.097015
269    0.077817    0.096654
270    0.076715    0.096296
271    0.079989    0.095941
272    0.078802    0.095588
273    0.078841    0.095238
274    0.081910    0.094891
275    0.085662    0.098182
276    0.083138    0.097826
277    0.081379    0.097473
278    0.086878    0.097122
279    0.085361    0.096774
280    0.084859    0.096429
281    0.084239    0.096085
282    0.087130    0.095745
283    0.087380    0.095406
284    0.085126    0.095070
285    0.082468    0.094737
286    0.082863    0.094406
287    0.080225    0.094077
288    0.082662    0.093750
289    0.080814    0.093426
290    0.076967    0.093103
291    0.072066    0.092784
292    0.075063    0.092466
293    0.078481    0.095563
294    0.083133    0.098639
295    0.082119    0.098305
296    0.082148    0.097973
297    0.084624    0.097643
298    0.080016    0.097315
299    0.082255    0.096990
300    0.080261    0.096667
301    0.081423    0.096346
302    0.080121    0.096026
303    0.080116    0.095710
304    0.086226    0.098684
305    0.082506    0.098361
306    0.079257    0.098039
307    0.075458    0.097720
308    0.076142    0.097403
309    0.077098    0.097087
310    0.079319    0.096774
311    0.081439    0.096463
312    0.088249    0.099359
313    0.083066    0.099042
314    0.084553    0.098726
315    0.086536    0.098413
316    0.090827    0.098101
317    0.091862    0.097792
318    0.097996    0.100629
319    0.098973    0.100313
320    0.092994    0.100000
321    0.091077    0.099688
322    0.091438    0.099379
323    0.087625    0.099071
324    0.090466    0.098765
325    0.091396    0.098462
326    0.088363    0.098160
327    0.090501    0.097859
328    0.090758    0.097561
329    0.090348    0.097264
330    0.087863    0.096970
331    0.092227    0.096677
332    0.090699    0.096386
333    0.086453    0.096096
334    0.084919    0.095808
335    0.091682    0.098507
336    0.092489    0.098214
337    0.094082    0.097923
338    0.094643    0.097633
339    0.101549    0.100295
340    0.098874    0.100000
341    0.096346    0.099707
342    0.099590    0.099415
343    0.104938    0.102041
344    0.104165    0.101744
345    0.104583    0.101449
346    0.106679    0.101156
347    0.107415    0.100865
348    0.106262    0.100575
349    0.106418    0.100287
350    0.108140    0.100000
351    0.107668    0.099715
352    0.107994    0.099432
353    0.107037    0.099150
354    0.103294    0.098870
355    0.103987    0.098592
356    0.105295    0.098315
357    0.106340    0.098039
358    0.108831    0.097765
359    0.107608    0.097493
360    0.110142    0.100000
361    0.106280    0.099723
362    0.107928    0.099448
363    0.113314    0.101928
364    0.116304    0.101648
365    0.116750    0.101370
366    0.115436    0.101093
367    0.112896    0.100817
368    0.109717    0.100543
369    0.114578    0.100271
370    0.112605    0.100000
371    0.112201    0.099730
372    0.110185    0.099462
373    0.108207    0.099196
374    0.109811    0.098930
375    0.113492    0.101333
376    0.113020    0.101064
377    0.111343    0.100796
378    0.109259    0.100529
379    0.106184    0.100264
380    0.106907    0.100000
381    0.102184    0.099738
382    0.104925    0.099476
383    0.107321    0.099217
384    0.109549    0.098958
385    0.110374    0.098701
386    0.108822    0.098446
387    0.110636    0.098191
388    0.109837    0.097938
389    0.112356    0.097686
390    0.107930    0.097436
391    0.107386    0.097187
392    0.105796    0.096939
393    0.108177    0.096692
394    0.104904    0.096447
395    0.101586    0.096203
396    0.101618    0.095960
397    0.099514    0.095718
398    0.098731    0.095477
399    0.096381    0.095238
400    0.094842    0.095000
401    0.095139    0.094763
402    0.095820    0.094527
403    0.094641    0.094293
404    0.093592    0.094059
405    0.098650    0.096296
406    0.099326    0.096059
407    0.102376    0.098280
408    0.098317    0.098039
409    0.098089    0.097800
410    0.099550    0.097561
411    0.101475    0.097324
412    0.101742    0.097087
413    0.097282    0.096852
414    0.096755    0.096618
415    0.095995    0.096386
416    0.096158    0.096154
417    0.090733    0.095923
418    0.089576    0.095694
419    0.089547    0.095465
420    0.089631    0.095238
421    0.087166    0.095012
422    0.087039    0.094787
423    0.085973    0.094563
424    0.085599    0.094340
425    0.088533    0.096471
426    0.089888    0.096244
427    0.087906    0.096019
428    0.089451    0.095794
429    0.084388    0.095571
430    0.081263    0.095349
431    0.082208    0.095128
432    0.085999    0.094907
433    0.089044    0.096998
434    0.088887    0.096774
435    0.085154    0.096552
436    0.083351    0.096330
437    0.085035    0.096110
438    0.083841    0.095890
439    0.081870    0.095672
440    0.079868    0.095455
441    0.076153    0.095238
442    0.076188    0.095023
443    0.076944    0.094808
444    0.075739    0.094595
445    0.078398    0.094382
446    0.080013    0.094170
447    0.076786    0.093960
448    0.076781    0.093750
449    0.076357    0.093541
450    0.077540    0.093333
451    0.079898    0.093126
452    0.080087    0.092920
453    0.079660    0.092715
454    0.083193    0.094714
455    0.085057    0.094505
456    0.081964    0.094298
457    0.080436    0.094092
458    0.079838    0.093886
459    0.083658    0.095861
460    0.080017    0.095652
461    0.076234    0.095445
462    0.075521    0.095238
463    0.075716    0.095032
464    0.073207    0.094828
465    0.073277    0.094624
466    0.070067    0.094421
467    0.070882    0.094218
468    0.072899    0.094017
469    0.074262    0.093817
470    0.073919    0.093617
471    0.075175    0.093418
472    0.076063    0.093220
473    0.076569    0.093023
474    0.076101    0.092827
475    0.077833    0.092632
476    0.077137    0.092437
477    0.077848    0.092243
478    0.079429    0.092050
479    0.079151    0.091858
480    0.078616    0.091667
481    0.076677    0.091476
482    0.076892    0.091286
483    0.078934    0.091097
484    0.078639    0.090909
485    0.077611    0.090722
486    0.079240    0.090535
487    0.080233    0.090349
488    0.080381    0.090164
489    0.080776    0.089980
490    0.083873    0.089796
491    0.083658    0.089613
492    0.084712    0.089431
493    0.083109    0.089249
494    0.089365    0.091093
495    0.086450    0.090909
496    0.088224    0.090726
497    0.088535    0.090543
498    0.089047    0.090361
499    0.082935    0.090180
500    0.083298    0.090000
501    0.083853    0.089820
502    0.084772    0.089641
503    0.083085    0.089463
504    0.084677    0.089286
505    0.084855    0.089109
506    0.089210    0.090909
507    0.088076    0.090730
508    0.089885    0.090551
509    0.087934    0.090373
510    0.086575    0.090196
511    0.088903    0.090020
512    0.090246    0.089844
513    0.092454    0.089669
514    0.093241    0.089494
515    0.092526    0.089320
516    0.088325    0.089147
517    0.086983    0.088975
518    0.089129    0.088803
519    0.091576    0.090559
520    0.093031    0.090385
521    0.088809    0.090211
522    0.087643    0.090038
523    0.085060    0.089866
524    0.083595    0.089695
525    0.084064    0.089524
526    0.084627    0.089354
527    0.085116    0.089184
528    0.085022    0.089015
529    0.084227    0.088847
530    0.085067    0.088679
531    0.084514    0.088512
532    0.080878    0.088346
533    0.081186    0.088180
534    0.082327    0.088015
535    0.082068    0.087850
536    0.084596    0.089552
537    0.086692    0.089385
538    0.084898    0.089219
539    0.082559    0.089054
540    0.082300    0.088889
541    0.082508    0.088725
542    0.081563    0.088561
543    0.080816    0.088398
544    0.082303    0.088235
545    0.082285    0.088073
546    0.082581    0.087912
547    0.079538    0.087751
548    0.079148    0.087591
549    0.083221    0.089253
550    0.081465    0.089091
551    0.079217    0.088929
552    0.080443    0.088768
553    0.076597    0.088608
554    0.077609    0.088448
555    0.075933    0.088288
556    0.073768    0.088129
557    0.074301    0.087971
558    0.070981    0.087814
559    0.071858    0.087657
560    0.073898    0.087500
561    0.070268    0.087344
562    0.071261    0.087189
563    0.067949    0.087034
564    0.067476    0.086879
565    0.071397    0.088496
566    0.075981    0.090106
567    0.074967    0.089947
568    0.074069    0.089789
569    0.076318    0.091388
570    0.072389    0.091228
571    0.073403    0.091068
572    0.073002    0.090909
573    0.070399    0.090750
574    0.069409    0.090592
575    0.066272    0.090435
576    0.064478    0.090278
577    0.063492    0.090121
578    0.064467    0.089965
579    0.062625    0.089810
580    0.063198    0.089655
581    0.061154    0.089501
582    0.061314    0.089347
583    0.061891    0.089194
584    0.062119    0.089041
585    0.059599    0.088889
586    0.062189    0.088737
587    0.063236    0.088586
588    0.064064    0.088435
589    0.062125    0.088285
590    0.062265    0.088136
591    0.063035    0.087986
592    0.062389    0.087838
593    0.059370    0.087690
594    0.058829    0.087542
595    0.059601    0.087395
596    0.061981    0.088926
597    0.060118    0.088777
598    0.063366    0.088629
599    0.061733    0.088481
600    0.063864    0.090000
601    0.060732    0.089850
602    0.061972    0.091362
603    0.060519    0.091211
604    0.062565    0.092715
605    0.060289    0.092562
606    0.059953    0.092409
607    0.063670    0.093904
608    0.065049    0.093750
609    0.063314    0.093596
610    0.062817    0.093443
611    0.062621    0.093290
612    0.061694    0.093137
613    0.062712    0.092985
614    0.061619    0.092834
615    0.064873    0.092683
616    0.065903    0.092532
617    0.066747    0.092382
618    0.065762    0.092233
619    0.065463    0.092084
620    0.064905    0.091935
621    0.065599    0.091787
622    0.065505    0.091640
623    0.063774    0.091493
624    0.065084    0.091346
625    0.064425    0.091200
626    0.064481    0.091054
627    0.063392    0.090909
628    0.062670    0.090764
629    0.064083    0.092210
630    0.062760    0.092063
631    0.061083    0.091918
632    0.060002    0.091772
633    0.061613    0.091627
634    0.063468    0.091483
635    0.063045    0.091339
636    0.063290    0.091195
637    0.064986    0.092622
638    0.065146    0.092476
639    0.064080    0.092332
640    0.063221    0.092188
641    0.062679    0.092044
642    0.059795    0.091900
643    0.062333    0.093313
644    0.062041    0.093168
645    0.061105    0.093023
646    0.064906    0.094427
647    0.062266    0.094281
648    0.064898    0.095679
649    0.067122    0.097072
650    0.070005    0.098462
651    0.070912    0.098310
652    0.071432    0.098160
653    0.069569    0.098009
654    0.068239    0.097859
655    0.067459    0.097710
656    0.064213    0.097561
657    0.066397    0.097412
658    0.065718    0.097264
659    0.065959    0.097117
660    0.068296    0.096970
661    0.066493    0.096823
662    0.066335    0.096677
663    0.065766    0.096531
664    0.064485    0.096386
665    0.065077    0.096241
666    0.065830    0.096096
667    0.063716    0.095952
668    0.063997    0.095808
669    0.063930    0.095665
670    0.061584    0.095522
671    0.063484    0.095380
672    0.062166    0.095238
673    0.060953    0.095097
674    0.059576    0.094955
675    0.058149    0.094815
676    0.060702    0.096154
677    0.060105    0.096012
678    0.059247    0.095870
679    0.058288    0.095729
680    0.057157    0.095588
681    0.058047    0.095448
682    0.056944    0.095308
683    0.058737    0.095168
684    0.062321    0.096491
685    0.061108    0.096350
686    0.060931    0.096210
687    0.060215    0.096070
688    0.058983    0.095930
689    0.058880    0.095791
690    0.057005    0.095652
691    0.055864    0.095514
692    0.057580    0.096821
693    0.060458    0.098124
694    0.058482    0.097983
695    0.058291    0.097842
696    0.056632    0.097701
697    0.056124    0.097561
698    0.056724    0.097421
699    0.056372    0.097282
700    0.056542    0.097143
701    0.057553    0.097004
702    0.056883    0.096866
703    0.057799    0.096728
704    0.059652    0.096591
705    0.059699    0.096454
706    0.059066    0.096317
707    0.058841    0.096181
708    0.060998    0.096045
709    0.060162    0.095910
710    0.061406    0.095775
711    0.061542    0.095640
712    0.063611    0.096910
713    0.064716    0.096774
714    0.066614    0.098039
715    0.066769    0.097902
716    0.065120    0.097765
717    0.064598    0.097629
718    0.065128    0.097493
719    0.065468    0.097357
720    0.065742    0.097222
721    0.065879    0.097087
722    0.067768    0.096953
723    0.068533    0.096819
724    0.067246    0.096685
725    0.066778    0.096552
726    0.067355    0.096419
727    0.068550    0.096286
728    0.067023    0.096154
729    0.067839    0.096022
730    0.066672    0.095890
731    0.068109    0.095759
732    0.070500    0.095628
733    0.071153    0.095498
734    0.071351    0.095368
735    0.070272    0.095238
736    0.068844    0.095109
737    0.068878    0.094980
738    0.070573    0.094851
739    0.068824    0.094723
740    0.069526    0.094595
741    0.068815    0.094467
742    0.069972    0.094340
743    0.071376    0.094213
744    0.071078    0.094086
745    0.069780    0.093960
746    0.070716    0.093834
747    0.071532    0.093708
748    0.071135    0.093583
749    0.072823    0.093458
750    0.072176    0.093333
751    0.073366    0.093209
752    0.072512    0.093085
753    0.071998    0.092961
754    0.072054    0.092838
755    0.074260    0.094040
756    0.074863    0.093915
757    0.074991    0.093791
758    0.074745    0.093668
759    0.075060    0.093544
760    0.075266    0.093421
761    0.076927    0.093298
762    0.076212    0.093176
763    0.076443    0.093054
764    0.073732    0.092932
765    0.077297    0.094118
766    0.078096    0.093995
767    0.078925    0.093872
768    0.076592    0.093750
769    0.076610    0.093628
770    0.075847    0.093506
771    0.074835    0.093385
772    0.072420    0.093264
773    0.071928    0.093144
774    0.071675    0.093023
775    0.070935    0.092903
776    0.070672    0.092784
777    0.070284    0.092664
778    0.069211    0.092545
779    0.068985    0.092426
780    0.069330    0.092308
781    0.067166    0.092190
782    0.069331    0.093350
783    0.070299    0.093231
784    0.071419    0.094388
785    0.071282    0.094268
786    0.073958    0.095420
787    0.074708    0.095299
788    0.075233    0.095178
789    0.075045    0.095057
790    0.074661    0.094937
791    0.073612    0.094817
792    0.072935    0.094697
793    0.074554    0.095839
794    0.076447    0.096977
795    0.077073    0.096855
796    0.076489    0.096734
797    0.077130    0.096612
798    0.074686    0.096491
799    0.073773    0.096370
800    0.075786    0.097500
801    0.076941    0.098627
802    0.076977    0.098504
803    0.076247    0.098381
804    0.076400    0.098259
805    0.074736    0.098137
806    0.075142    0.098015
807    0.074492    0.097893
808    0.074195    0.097772
809    0.072309    0.097651
810    0.072243    0.097531
811    0.070717    0.097411
812    0.071435    0.097291
813    0.071453    0.097171
814    0.071675    0.097052
815    0.070300    0.096933
816    0.071081    0.096814
817    0.071049    0.096695
818    0.070223    0.096577
819    0.071986    0.097680
820    0.072899    0.097561
821    0.072077    0.097442
822    0.070644    0.097324
823    0.070262    0.097205
824    0.069627    0.097087
825    0.073963    0.098182
826    0.073349    0.098063
827    0.072585    0.097944
828    0.073018    0.097826
829    0.074348    0.097708
830    0.073503    0.097590
831    0.073745    0.097473
832    0.073561    0.097356
833    0.072809    0.097239
834    0.074125    0.098321
835    0.075613    0.098204
836    0.075579    0.098086
837    0.075462    0.097969
838    0.076192    0.097852
839    0.074735    0.097735
840    0.075782    0.097619
841    0.074293    0.097503
842    0.074638    0.097387
843    0.074936    0.097272
844    0.075399    0.097156
845    0.074469    0.097041
846    0.074811    0.096927
847    0.075602    0.096812
848    0.076531    0.096698
849    0.076344    0.096584
850    0.076973    0.096471
851    0.076977    0.096357
852    0.076926    0.096244
853    0.076810    0.096131
854    0.075455    0.096019
855    0.074701    0.095906
856    0.074977    0.095794
857    0.074534    0.095683
858    0.073677    0.095571
859    0.075337    0.096624
860    0.074520    0.096512
861    0.076207    0.097561
862    0.076345    0.097448
863    0.076564    0.097335
864    0.075380    0.097222
865    0.075250    0.097110
866    0.075606    0.096998
867    0.075949    0.096886
868    0.075439    0.096774
869    0.075378    0.096663
870    0.076341    0.097701
871    0.076720    0.097589
872    0.074004    0.097477
873    0.073454    0.097365
874    0.074280    0.097254
875    0.075245    0.097143
876    0.075774    0.097032
877    0.075194    0.096921
878    0.072198    0.096811
879    0.072668    0.096701
880    0.073281    0.096591
881    0.072566    0.096481
882    0.074434    0.097506
883    0.075948    0.097395
884    0.075160    0.097285
885    0.076019    0.097175
886    0.077743    0.098194
887    0.076145    0.098083
888    0.075748    0.097973
889    0.076980    0.098988
890    0.077803    0.098876
891    0.079017    0.098765
892    0.077933    0.098655
893    0.078518    0.098544
894    0.076752    0.098434
895    0.077401    0.098324
896    0.077299    0.098214
897    0.078117    0.098105
898    0.076930    0.097996
899    0.075620    0.097887
900    0.076138    0.097778
901    0.077796    0.097669
902    0.079542    0.098670
903    0.079592    0.098560
904    0.079933    0.098451
905    0.078213    0.098343
906    0.077749    0.098234
907    0.076988    0.098126
908    0.079343    0.098018
909    0.078955    0.097910
910    0.077093    0.097802
911    0.078257    0.097695
912    0.076278    0.097588
913    0.076421    0.097481
914    0.076518    0.097374
915    0.077421    0.097268
916    0.077736    0.097162
917    0.077892    0.097056
918    0.076759    0.096950
919    0.076238    0.096844
920    0.075428    0.096739
921    0.075431    0.096634
922    0.076408    0.096529
923    0.077497    0.096425
924    0.079310    0.097403
925    0.079590    0.097297
926    0.079618    0.097192
927    0.078389    0.097087
928    0.076535    0.096983
929    0.077445    0.097955
930    0.078153    0.097849
931    0.078476    0.097744
932    0.078907    0.097639
933    0.080317    0.097535
934    0.080076    0.097430
935    0.078655    0.097326
936    0.079784    0.097222
937    0.080552    0.097118
938    0.081201    0.098081
939    0.081836    0.097977
940    0.081605    0.097872
941    0.082962    0.097768
942    0.082095    0.097665
943    0.083014    0.098621
944    0.083178    0.098517
945    0.081719    0.098413
946    0.081648    0.098309
947    0.080165    0.098205
948    0.082669    0.099156
949    0.083000    0.099052
950    0.084913    0.100000
951    0.085286    0.099895
952    0.084649    0.099790
953    0.084013    0.099685
954    0.083943    0.099581
955    0.084823    0.099476
956    0.084733    0.099372
957    0.084956    0.099269
958    0.087851    0.100209
959    0.087767    0.100104
960    0.088000    0.100000
961    0.087943    0.099896
962    0.088674    0.099792
963    0.088899    0.099688
964    0.087788    0.099585
965    0.088628    0.099482
966    0.086792    0.099379
967    0.085916    0.099276
968    0.084662    0.099174
969    0.083200    0.099071
970    0.083201    0.098969
971    0.083129    0.098867
972    0.083982    0.098765
973    0.084525    0.098664
974    0.084866    0.098563
975    0.083668    0.098462
976    0.084624    0.098361
977    0.083952    0.098260
978    0.082900    0.098160
979    0.082747    0.098059
980    0.082936    0.097959
981    0.083112    0.097859
982    0.083528    0.097760
983    0.082679    0.097660
984    0.084565    0.098577
985    0.084082    0.098477
986    0.083875    0.098377
987    0.084613    0.098278
988    0.083712    0.098178
989    0.083380    0.098079
990    0.083463    0.097980
991    0.084458    0.097881
992    0.084442    0.097782
993    0.083903    0.097684
994    0.083778    0.097586
995    0.083044    0.097487
996    0.083301    0.097390
997    0.083774    0.097292
998    0.084819    0.097194
999    0.085348    0.097097
1000    0.083790    0.097000
1001    0.083358    0.096903
1002    0.083574    0.096806
1003    0.083521    0.096710
1004    0.083238    0.096614
1005    0.081624    0.096517
1006    0.082680    0.096421
1007    0.080903    0.096326
1008    0.081607    0.096230
1009    0.081408    0.096135
1010    0.082792    0.097030
1011    0.084587    0.097923
1012    0.084512    0.097826
1013    0.082108    0.097730
1014    0.083679    0.098619
1015    0.082405    0.098522
1016    0.083469    0.098425
1017    0.083551    0.098328
1018    0.085873    0.099214
1019    0.085517    0.099117
1020    0.084684    0.099020
1021    0.083134    0.098923
1022    0.083424    0.098826
1023    0.082426    0.098729
1024    0.083848    0.099609
1025    0.083628    0.099512
1026    0.083325    0.099415
1027    0.083969    0.099318
1028    0.082212    0.099222
1029    0.081337    0.099125
1030    0.080757    0.099029
1031    0.079349    0.098933
1032    0.078546    0.098837
1033    0.078498    0.098742
1034    0.078517    0.098646
1035    0.078442    0.098551
1036    0.077735    0.098456
1037    0.077848    0.098361
1038    0.077970    0.098266
1039    0.077960    0.098171
1040    0.078239    0.098077
1041    0.078030    0.097983
1042    0.077787    0.097889
1043    0.078456    0.097795
1044    0.079612    0.097701
1045    0.078912    0.097608
1046    0.077252    0.097514
1047    0.076734    0.097421
1048    0.076339    0.097328
1049    0.074307    0.097235
1050    0.074367    0.097143
1051    0.074144    0.097050
1052    0.072816    0.096958
1053    0.073200    0.096866
1054    0.072404    0.096774
1055    0.072309    0.096682
1056    0.071195    0.096591
1057    0.071485    0.096500
1058    0.069813    0.096408
1059    0.069930    0.096317
1060    0.069835    0.096226
1061    0.070034    0.096136
1062    0.070650    0.096045
1063    0.071479    0.095955
1064    0.072363    0.095865
1065    0.071273    0.095775
1066    0.071287    0.095685
1067    0.070972    0.095595
1068    0.071621    0.095506
1069    0.071820    0.095416
1070    0.072344    0.095327
1071    0.073958    0.096172
1072    0.073744    0.096082
1073    0.074109    0.095993
1074    0.075043    0.095903
1075    0.074708    0.095814
1076    0.075537    0.095725
1077    0.075536    0.095636
1078    0.076836    0.096475
1079    0.077421    0.096386
1080    0.078019    0.096296
1081    0.078638    0.096207
1082    0.077505    0.096118
1083    0.077529    0.096030
1084    0.077127    0.095941
1085    0.075541    0.095853
1086    0.076178    0.095764
1087    0.074874    0.095676
1088    0.075869    0.096507
1089    0.074628    0.096419
1090    0.074187    0.096330
1091    0.074251    0.096242
1092    0.073806    0.096154
1093    0.073425    0.096066
1094    0.073864    0.095978
1095    0.073304    0.095890
1096    0.072523    0.095803
1097    0.071953    0.095716
1098    0.072560    0.095628
1099    0.072922    0.095541
1100    0.073827    0.095455
1101    0.073181    0.095368
1102    0.073310    0.095281
1103    0.073302    0.095195
1104    0.074524    0.095109
1105    0.075341    0.095023
1106    0.074904    0.094937
1107    0.074635    0.094851
1108    0.074651    0.094765
1109    0.074402    0.094680
1110    0.073034    0.094595
1111    0.072464    0.094509
1112    0.074219    0.094424
1113    0.072638    0.094340
1114    0.074308    0.095153
1115    0.074199    0.095067
1116    0.074181    0.094982
1117    0.073110    0.094897
1118    0.073269    0.094812
1119    0.071355    0.094727
1120    0.071400    0.094643
1121    0.072067    0.094558
1122    0.071487    0.094474
1123    0.072363    0.094390
1124    0.072052    0.094306
1125    0.071215    0.094222
1126    0.070742    0.094139
1127    0.070092    0.094055
1128    0.070944    0.093972
1129    0.070673    0.093888
1130    0.071281    0.093805
1131    0.070881    0.093722
1132    0.071126    0.093640
1133    0.071532    0.093557
1134    0.072298    0.094356
1135    0.073079    0.094273
1136    0.071256    0.094190
1137    0.070171    0.094107
1138    0.069369    0.094025
1139    0.070428    0.093942
1140    0.069352    0.093860
1141    0.069453    0.093777
1142    0.070312    0.093695
1143    0.070437    0.093613
1144    0.069732    0.093531
1145    0.068933    0.093450
1146    0.068768    0.093368
1147    0.068430    0.093287
1148    0.067708    0.093206
1149    0.067221    0.093124
1150    0.068034    0.093043
1151    0.068425    0.092963
1152    0.068966    0.092882
1153    0.067874    0.092801
1154    0.067409    0.092721
1155    0.068674    0.093506
1156    0.068339    0.093426
1157    0.067176    0.093345
1158    0.066623    0.093264
1159    0.065715    0.093184
1160    0.065551    0.093103
1161    0.066315    0.093885
1162    0.066300    0.093804
1163    0.066210    0.093723
1164    0.065923    0.093643
1165    0.066731    0.093562
1166    0.066351    0.093482
1167    0.065901    0.093402
1168    0.066444    0.093322
1169    0.067704    0.094098
1170    0.067663    0.094017
1171    0.067487    0.093937
1172    0.067325    0.093857
1173    0.066889    0.093777
1174    0.065806    0.093697
1175    0.065416    0.093617
1176    0.065414    0.093537
1177    0.065273    0.093458
1178    0.065130    0.093379
1179    0.064097    0.093299
1180    0.063278    0.093220
1181    0.062582    0.093141
1182    0.063428    0.093063
1183    0.063904    0.092984
1184    0.064463    0.093750
1185    0.064093    0.093671
1186    0.062630    0.093592
1187    0.062311    0.093513
1188    0.062282    0.093434
1189    0.062485    0.093356
1190    0.062277    0.093277
1191    0.063570    0.094039
1192    0.064191    0.093960
1193    0.062533    0.093881
1194    0.063939    0.094640
1195    0.063734    0.094561
1196    0.063604    0.094482
1197    0.064522    0.094403
1198    0.064012    0.094324
1199    0.062670    0.094245
1200    0.062486    0.094167
1201    0.062131    0.094088
1202    0.062249    0.094010
1203    0.062824    0.093932
1204    0.063927    0.094684
1205    0.064308    0.094606
1206    0.063662    0.094527
1207    0.063665    0.094449
1208    0.063019    0.094371
1209    0.063597    0.094293
1210    0.063286    0.094215
1211    0.062935    0.094137
1212    0.062300    0.094059
1213    0.061925    0.093982
1214    0.061566    0.093904
1215    0.061440    0.093827
1216    0.062382    0.094572
1217    0.062080    0.094495
1218    0.061268    0.094417
1219    0.059974    0.094340
1220    0.059372    0.094262
1221    0.059215    0.094185
1222    0.060376    0.094108
1223    0.061901    0.094031
1224    0.062322    0.094771
1225    0.062315    0.094694
1226    0.062495    0.094617
1227    0.062683    0.094540
1228    0.062683    0.094463
1229    0.062550    0.094386
1230    0.062851    0.094309
1231    0.062855    0.094232
1232    0.062941    0.094156
1233    0.064441    0.094891
1234    0.062550    0.094814
1235    0.062416    0.094737
1236    0.061215    0.094660
1237    0.060682    0.094584
1238    0.060849    0.094507
1239    0.061589    0.094431
1240    0.062320    0.094355
1241    0.061890    0.094279
1242    0.061838    0.094203
1243    0.062199    0.094127
1244    0.061080    0.094051
1245    0.061438    0.093976
1246    0.061479    0.093900
1247    0.061652    0.093825
1248    0.060293    0.093750
1249    0.060069    0.093675
1250    0.058564    0.093600
1251    0.058269    0.093525
1252    0.058303    0.093450
1253    0.057366    0.093376
1254    0.057436    0.093301
1255    0.057823    0.093227
1256    0.057489    0.093153
1257    0.057368    0.093079
1258    0.058090    0.093005
1259    0.059543    0.092931
1260    0.059876    0.092857
1261    0.059386    0.092784
1262    0.059525    0.092710
1263    0.058285    0.092637
1264    0.058259    0.092563
1265    0.057878    0.092490
1266    0.058340    0.092417
1267    0.057252    0.092344
1268    0.056326    0.092271
1269    0.057149    0.092987
1270    0.055089    0.092913
1271    0.054494    0.092840
1272    0.054699    0.092767
1273    0.054268    0.092694
1274    0.054527    0.092622
1275    0.055160    0.092549
1276    0.055498    0.092476
1277    0.054367    0.092404
1278    0.053575    0.092332
1279    0.054308    0.092260
1280    0.054230    0.092188
1281    0.054680    0.092116
1282    0.055221    0.092044
1283    0.054962    0.091972
1284    0.054075    0.091900
1285    0.055008    0.091829
1286    0.054951    0.091757
1287    0.055615    0.091686
1288    0.056981    0.091615
1289    0.057345    0.091544
1290    0.056881    0.091473
1291    0.055224    0.091402
1292    0.054390    0.091331
1293    0.054501    0.091261
1294    0.052743    0.091190
1295    0.052955    0.091120
1296    0.052836    0.091049
1297    0.053967    0.091750
1298    0.054760    0.091680
1299    0.056164    0.092379
1300    0.054922    0.092308
1301    0.055421    0.092237
1302    0.056373    0.092166
1303    0.056197    0.092095
1304    0.055779    0.092025
1305    0.055624    0.091954
1306    0.055202    0.091884
1307    0.053749    0.091813
1308    0.053852    0.091743
1309    0.053782    0.091673
1310    0.053757    0.091603
1311    0.053368    0.091533
1312    0.053691    0.091463
1313    0.053080    0.091394
1314    0.052839    0.091324
1315    0.053639    0.091255
1316    0.052877    0.091185
1317    0.054312    0.091875
1318    0.053559    0.091806
1319    0.053630    0.091736
1320    0.053736    0.091667
1321    0.052420    0.091597
1322    0.051685    0.091528
1323    0.050426    0.091459
1324    0.049540    0.091390
1325    0.048682    0.091321
1326    0.046972    0.091252
1327    0.046455    0.091183
1328    0.046235    0.091114
1329    0.045309    0.091046
1330    0.045831    0.090977
1331    0.045707    0.090909
1332    0.046174    0.090841
1333    0.046420    0.090773
1334    0.046197    0.090705
1335    0.046284    0.090637
1336    0.046518    0.090569
1337    0.047584    0.091249
1338    0.048714    0.091181
1339    0.048785    0.091113
1340    0.049010    0.091045
1341    0.049455    0.090977
1342    0.049891    0.090909
1343    0.048889    0.090841
1344    0.048051    0.090774
1345    0.046924    0.090706
1346    0.047855    0.090639
1347    0.048396    0.090572
1348    0.047240    0.090504
1349    0.048199    0.090437
1350    0.049582    0.091111
1351    0.048173    0.091044
1352    0.048907    0.091716
1353    0.049084    0.091648
1354    0.048008    0.091581
1355    0.047223    0.091513
1356    0.046102    0.091445
1357    0.046693    0.091378
1358    0.046100    0.091311
1359    0.045805    0.091244
1360    0.045799    0.091176
1361    0.046153    0.091109
1362    0.046405    0.091043
1363    0.046943    0.090976
1364    0.047948    0.091642
1365    0.047642    0.091575
1366    0.046881    0.091508
1367    0.047460    0.091441
1368    0.046514    0.091374
1369    0.045517    0.091308
1370    0.044835    0.091241
1371    0.045806    0.091904
1372    0.045122    0.091837
1373    0.044909    0.091770
1374    0.045266    0.091703
1375    0.045654    0.091636
1376    0.044570    0.091570
1377    0.043130    0.091503
1378    0.044350    0.092163
1379    0.046415    0.092821
1380    0.046885    0.092754
1381    0.047353    0.092686
1382    0.048399    0.092619
1383    0.049589    0.093275
1384    0.049881    0.093208
1385    0.049894    0.093141
1386    0.050375    0.093074
1387    0.049545    0.093006
1388    0.049732    0.092939
1389    0.049080    0.092873
1390    0.048480    0.092806
1391    0.047492    0.092739
1392    0.048387    0.092672
1393    0.047473    0.092606
1394    0.047245    0.092539
1395    0.048297    0.092473
1396    0.048151    0.092407
1397    0.048804    0.092341
1398    0.048468    0.092275
1399    0.050380    0.092924
1400    0.049400    0.092857
1401    0.048903    0.092791
1402    0.048328    0.092725
1403    0.047387    0.092659
1404    0.047293    0.092593
1405    0.047919    0.092527
1406    0.047616    0.092461
1407    0.047929    0.092395
1408    0.047273    0.092330
1409    0.046428    0.092264
1410    0.046866    0.092199
1411    0.047598    0.092133
1412    0.047554    0.092068
1413    0.047292    0.092003
1414    0.046830    0.091938
1415    0.045135    0.091873
1416    0.045226    0.091808
1417    0.046281    0.091743
1418    0.046213    0.091678
1419    0.045953    0.091614
1420    0.045882    0.091549
1421    0.046810    0.091485
1422    0.046412    0.091421
1423    0.046468    0.091356
1424    0.046938    0.091292
1425    0.046950    0.091228
1426    0.047184    0.091164
1427    0.046279    0.091100
1428    0.046771    0.091036
1429    0.047191    0.091672
1430    0.047417    0.091608
1431    0.046514    0.091544
1432    0.046856    0.091480
1433    0.045878    0.091417
1434    0.045850    0.091353
1435    0.044569    0.091289
1436    0.044767    0.091226
1437    0.044892    0.091162
1438    0.046065    0.091099
1439    0.045938    0.091035
1440    0.046387    0.090972
1441    0.046258    0.090909
1442    0.046536    0.090846
1443    0.046149    0.090783
1444    0.045744    0.090720
1445    0.045482    0.090657
1446    0.046102    0.090595
1447    0.044926    0.090532
1448    0.044140    0.090470
1449    0.045419    0.091097
1450    0.046081    0.091034
1451    0.045538    0.090972
1452    0.044830    0.090909
1453    0.044534    0.090847
1454    0.044221    0.090784
1455    0.043769    0.090722
1456    0.042749    0.090659
1457    0.042605    0.090597
1458    0.042585    0.090535
1459    0.042765    0.090473
1460    0.042342    0.090411
1461    0.041566    0.090349
1462    0.041081    0.090287
1463    0.040943    0.090226
1464    0.040528    0.090164
1465    0.040604    0.090102
1466    0.039979    0.090041
1467    0.039148    0.089980
1468    0.039087    0.089918
1469    0.039543    0.089857
1470    0.039394    0.089796
1471    0.039679    0.089735
1472    0.039065    0.089674
1473    0.038341    0.089613
1474    0.037741    0.089552
1475    0.036256    0.089492
1476    0.036520    0.089431
1477    0.036969    0.089370
1478    0.036873    0.089310
1479    0.036426    0.089249
1480    0.036968    0.089865
1481    0.037463    0.089804
1482    0.036295    0.089744
1483    0.036756    0.089683
1484    0.036333    0.089623
1485    0.035663    0.089562
1486    0.036031    0.089502
1487    0.036375    0.089442
1488    0.036683    0.089382
1489    0.037045    0.089322
1490    0.037597    0.089262
1491    0.036502    0.089202
1492    0.035959    0.089142
1493    0.035163    0.089082
1494    0.035595    0.089023
1495    0.035775    0.088963
1496    0.036168    0.088904
1497    0.035052    0.088844
1498    0.034870    0.088785
1499    0.035688    0.088726
1500    0.034814    0.088667
1501    0.033934    0.088608
1502    0.034790    0.089214
1503    0.035236    0.089155
1504    0.034950    0.089096
1505    0.035010    0.089037
1506    0.034779    0.088977
1507    0.036637    0.089582
1508    0.036377    0.089523
1509    0.036272    0.089463
1510    0.035957    0.089404
1511    0.035809    0.089345
1512    0.035856    0.089286
1513    0.035524    0.089227
1514    0.036515    0.089168
1515    0.036771    0.089109
1516    0.035932    0.089050
1517    0.036218    0.088991
1518    0.037287    0.088933
1519    0.037024    0.088874
1520    0.037581    0.089474
1521    0.037758    0.089415
1522    0.038014    0.089356
1523    0.037861    0.089297
1524    0.037718    0.089239
1525    0.038133    0.089180
1526    0.038551    0.089122
1527    0.039764    0.089718
1528    0.040163    0.089660
1529    0.038909    0.089601
1530    0.038559    0.089542
1531    0.038148    0.089484
1532    0.038255    0.089426
1533    0.038639    0.089367
1534    0.038341    0.089309
1535    0.038768    0.089251
1536    0.038114    0.089193
1537    0.037722    0.089135
1538    0.037044    0.089077
1539    0.038372    0.089669
1540    0.038268    0.089610
1541    0.037860    0.089552
1542    0.037728    0.089494
1543    0.036687    0.089436
1544    0.037519    0.090026
1545    0.036716    0.089968
1546    0.037054    0.089909
1547    0.036632    0.089851
1548    0.037634    0.089793
1549    0.037482    0.089735
1550    0.037009    0.089677
1551    0.036229    0.089620
1552    0.036968    0.089562
1553    0.037238    0.089504
1554    0.036809    0.089447
1555    0.035334    0.089389
1556    0.034016    0.089332
1557    0.033662    0.089274
1558    0.032933    0.089217
1559    0.033163    0.089160
1560    0.033260    0.089103
1561    0.032728    0.089045
1562    0.033173    0.088988
1563    0.033683    0.088932
1564    0.034038    0.088875
1565    0.032398    0.088818
1566    0.032122    0.088761
1567    0.030805    0.088705
1568    0.030634    0.088648
1569    0.031371    0.088591
1570    0.031778    0.088535
1571    0.032202    0.088479
1572    0.031032    0.088422
1573    0.030403    0.088366
1574    0.030662    0.088310
1575    0.030904    0.088254
1576    0.030401    0.088198
1577    0.029720    0.088142
1578    0.029372    0.088086
1579    0.029904    0.088030
1580    0.029704    0.087975
1581    0.028842    0.087919
1582    0.029661    0.088496
1583    0.030364    0.088440
1584    0.029591    0.088384
1585    0.029640    0.088328
1586    0.029042    0.088272
1587    0.029078    0.088217
1588    0.028346    0.088161
1589    0.028874    0.088106
1590    0.028632    0.088050
1591    0.030136    0.088624
1592    0.029966    0.088568
1593    0.029782    0.088512
1594    0.030157    0.088457
1595    0.029784    0.088401
1596    0.028362    0.088346
1597    0.028781    0.088291
1598    0.028313    0.088235
1599    0.027888    0.088180
1600    0.027131    0.088125
1601    0.026408    0.088070
1602    0.026148    0.088015
1603    0.026753    0.088584
1604    0.026883    0.088529
1605    0.026478    0.088474
1606    0.025842    0.088418
1607    0.025638    0.088363
1608    0.025969    0.088308
1609    0.026041    0.088254
1610    0.025747    0.088199
1611    0.025479    0.088144
1612    0.026120    0.088089
1613    0.026395    0.088035
1614    0.027069    0.088600
1615    0.027630    0.088545
1616    0.026923    0.088490
1617    0.027540    0.089054
1618    0.027835    0.088999
1619    0.028297    0.088944
1620    0.028027    0.088889
1621    0.028696    0.088834
1622    0.027609    0.088779
1623    0.028092    0.088725
1624    0.028338    0.088670
1625    0.028645    0.088615
1626    0.029230    0.088561
1627    0.028564    0.088506
1628    0.028680    0.088452
1629    0.029051    0.088398
1630    0.029530    0.088344
1631    0.029252    0.088289
1632    0.029429    0.088235
1633    0.029893    0.088181
1634    0.028935    0.088127
1635    0.029563    0.088073
1636    0.028787    0.088020
1637    0.030085    0.088577
1638    0.031048    0.088523
1639    0.031111    0.088469
1640    0.031635    0.089024
1641    0.031788    0.088970
1642    0.031608    0.088916
1643    0.032419    0.088862
1644    0.030809    0.088808
1645    0.030349    0.088754
1646    0.030105    0.088700
1647    0.030639    0.088646
1648    0.030572    0.088592
1649    0.031329    0.089145
1650    0.031865    0.089091
1651    0.031212    0.089037
1652    0.031289    0.088983
1653    0.031779    0.089534
1654    0.032665    0.090085
1655    0.032875    0.090030
1656    0.032033    0.089976
1657    0.032052    0.089922
1658    0.032741    0.089867
1659    0.032869    0.089813
1660    0.031498    0.089759
1661    0.030046    0.089705
1662    0.031144    0.090253
1663    0.030941    0.090198
1664    0.030543    0.090144
1665    0.031164    0.090090
1666    0.030400    0.090036
1667    0.029204    0.089982
1668    0.029125    0.089928
1669    0.028922    0.089874
1670    0.028289    0.089820
1671    0.028486    0.089767
1672    0.028413    0.089713
1673    0.029020    0.089659
1674    0.029306    0.089606
1675    0.028938    0.089552
1676    0.028481    0.089499
1677    0.027803    0.089445
1678    0.026933    0.089392
1679    0.027643    0.089339
1680    0.028418    0.089286
1681    0.028108    0.089233
1682    0.028681    0.089180
1683    0.028662    0.089127
1684    0.027269    0.089074
1685    0.027512    0.089021
1686    0.027882    0.088968
1687    0.029082    0.089508
1688    0.028398    0.089455
1689    0.028849    0.089402
1690    0.029251    0.089349
1691    0.029534    0.089296
1692    0.028719    0.089243
1693    0.028023    0.089191
1694    0.027083    0.089138
1695    0.026526    0.089086
1696    0.026968    0.089623
1697    0.027328    0.089570
1698    0.027348    0.089517
1699    0.027294    0.089464
1700    0.027957    0.089412
1701    0.028135    0.089359
1702    0.028000    0.089307
1703    0.027823    0.089254
1704    0.029036    0.089789
1705    0.028905    0.089736
1706    0.028235    0.089683
1707    0.027916    0.089631
1708    0.028271    0.089578
1709    0.028002    0.089526
1710    0.027343    0.089474
1711    0.026934    0.089421
1712    0.027625    0.089369
1713    0.027644    0.089317
1714    0.028392    0.089848
1715    0.028027    0.089796
1716    0.028083    0.089744
1717    0.028410    0.089691
1718    0.028682    0.089639
1719    0.028831    0.089587
1720    0.028815    0.089535
1721    0.028304    0.089483
1722    0.028583    0.089431
1723    0.029509    0.089379
1724    0.029489    0.089327
1725    0.029279    0.089275
1726    0.030258    0.089803
1727    0.030268    0.089751
1728    0.030640    0.089699
1729    0.030477    0.089647
1730    0.030080    0.089595
1731    0.029475    0.089544
1732    0.029593    0.089492
1733    0.030913    0.090017
1734    0.031017    0.089965
1735    0.031287    0.089914
1736    0.031298    0.089862
1737    0.031811    0.089810
1738    0.032358    0.090334
1739    0.032268    0.090282
1740    0.031875    0.090230
1741    0.032798    0.090178
1742    0.032774    0.090126
1743    0.032960    0.090075
1744    0.032616    0.090023
1745    0.032826    0.089971
1746    0.033486    0.089920
1747    0.033071    0.089868
1748    0.033698    0.089817
1749    0.033751    0.089766
1750    0.033757    0.089714
1751    0.033228    0.089663
1752    0.034062    0.089612
1753    0.035105    0.090131
1754    0.034653    0.090080
1755    0.034276    0.090028
1756    0.033756    0.089977
1757    0.033557    0.089926
1758    0.034001    0.089875
1759    0.033842    0.089824
1760    0.032439    0.089773
1761    0.031881    0.089722
1762    0.032442    0.089671
1763    0.032546    0.089620
1764    0.032042    0.089569
1765    0.032025    0.089518
1766    0.032055    0.089468
1767    0.032289    0.089417
1768    0.031692    0.089367
1769    0.031365    0.089316
1770    0.030612    0.089266
1771    0.030268    0.089215
1772    0.030579    0.089165
1773    0.030657    0.089114
1774    0.030965    0.089064
1775    0.031002    0.089014
1776    0.031888    0.088964
1777    0.031226    0.088914
1778    0.030921    0.088864
1779    0.030964    0.088814
1780    0.030475    0.088764
1781    0.029688    0.088714
1782    0.029872    0.088664
1783    0.029670    0.088615
1784    0.029604    0.088565
1785    0.030842    0.088515
1786    0.030175    0.088466
1787    0.030681    0.088416
1788    0.031122    0.088926
1789    0.031298    0.088876
1790    0.032184    0.089385
1791    0.031814    0.089336
1792    0.031111    0.089286
1793    0.031782    0.089794
1794    0.031078    0.089744
1795    0.031707    0.089694
1796    0.031881    0.089644
1797    0.032119    0.089594
1798    0.032072    0.089544
1799    0.032153    0.089494
1800    0.032136    0.089444
1801    0.032367    0.089950
1802    0.031072    0.089900
1803    0.032269    0.090405
1804    0.031836    0.090355
1805    0.031215    0.090305
1806    0.031191    0.090255
1807    0.031540    0.090205
1808    0.031379    0.090155
1809    0.032690    0.090658
1810    0.032664    0.090608
1811    0.032169    0.090558
1812    0.031667    0.090508
1813    0.031524    0.090458
1814    0.031543    0.090408
1815    0.030654    0.090358
1816    0.030435    0.090308
1817    0.030849    0.090259
1818    0.031867    0.090759
1819    0.031756    0.090709
1820    0.031934    0.090659
1821    0.031832    0.090610
1822    0.031834    0.090560
1823    0.031165    0.090510
1824    0.030911    0.090461
1825    0.030499    0.090411
1826    0.030165    0.090361
1827    0.030580    0.090312
1828    0.030870    0.090263
1829    0.031429    0.090213
1830    0.031347    0.090164
1831    0.031147    0.090115
1832    0.031294    0.090066
1833    0.031040    0.090016
1834    0.030487    0.089967
1835    0.029691    0.089918
1836    0.030147    0.089869
1837    0.031060    0.090365
1838    0.030606    0.090316
1839    0.031937    0.090810
1840    0.032796    0.090761
1841    0.031972    0.090712
1842    0.031863    0.090662
1843    0.031756    0.090613
1844    0.031743    0.090564
1845    0.031712    0.090515
1846    0.032297    0.090466
1847    0.032650    0.090417
1848    0.032213    0.090368
1849    0.032810    0.090319
1850    0.033028    0.090270
1851    0.033307    0.090222
1852    0.034480    0.090713
1853    0.033807    0.090664
1854    0.033070    0.090615
1855    0.032952    0.090566
1856    0.033562    0.090517
1857    0.033146    0.090468
1858    0.034168    0.090958
1859    0.032998    0.090909
1860    0.033361    0.090860
1861    0.033554    0.090811
1862    0.032793    0.090763
1863    0.032396    0.090714
1864    0.032458    0.090665
1865    0.032606    0.090617
1866    0.032425    0.090568
1867    0.032339    0.090520
1868    0.032747    0.090471
1869    0.032829    0.090423
1870    0.032675    0.090374
1871    0.032127    0.090326
1872    0.031803    0.090278
1873    0.031796    0.090230
1874    0.031596    0.090181
1875    0.031699    0.090133
1876    0.032645    0.090618
1877    0.032938    0.090570
1878    0.033104    0.090522
1879    0.033692    0.090474
1880    0.033697    0.090426
1881    0.033833    0.090377
1882    0.033424    0.090329
1883    0.033503    0.090281
1884    0.032923    0.090234
1885    0.032463    0.090186
1886    0.032444    0.090138
1887    0.032004    0.090090
1888    0.031524    0.090042
1889    0.031089    0.089995
1890    0.031598    0.089947
1891    0.030923    0.089900
1892    0.031073    0.089852
1893    0.030424    0.089805
1894    0.029274    0.089757
1895    0.029234    0.089710
1896    0.029559    0.089662
1897    0.029614    0.089615
1898    0.029204    0.089568
1899    0.029200    0.089521
1900    0.029378    0.089474
1901    0.028914    0.089427
1902    0.029097    0.089380
1903    0.028881    0.089333
1904    0.028945    0.089286
1905    0.028777    0.089239
1906    0.028512    0.089192
1907    0.029078    0.089145
1908    0.028406    0.089099
1909    0.028289    0.089052
1910    0.028185    0.089005
1911    0.027922    0.088959
1912    0.028090    0.088912
1913    0.028942    0.089388
1914    0.029060    0.089342
1915    0.029331    0.089817
1916    0.029716    0.089770
1917    0.029650    0.089724
1918    0.029495    0.089677
1919    0.029476    0.089630
1920    0.029565    0.089583
1921    0.028779    0.089537
1922    0.028037    0.089490
1923    0.027089    0.089444
1924    0.027287    0.089397
1925    0.027277    0.089351
1926    0.026394    0.089304
1927    0.026483    0.089258
1928    0.025870    0.089212
1929    0.026073    0.089165
1930    0.026586    0.089119
1931    0.026639    0.089073
1932    0.027239    0.089027
1933    0.025798    0.088981
1934    0.026208    0.088935
1935    0.026015    0.088889
1936    0.026722    0.088843
1937    0.026200    0.088797
1938    0.026629    0.088751
1939    0.025933    0.088706
1940    0.025369    0.088660
1941    0.024607    0.088614
1942    0.024459    0.088568
1943    0.024912    0.088523
1944    0.025818    0.088992
1945    0.024850    0.088946
1946    0.024287    0.088900
1947    0.024977    0.088855
1948    0.025153    0.088809
1949    0.024785    0.088763
1950    0.024831    0.088718
1951    0.024892    0.088672
1952    0.023731    0.088627
1953    0.024366    0.089094
1954    0.024555    0.089048
1955    0.025097    0.089003
1956    0.025854    0.088957
1957    0.025578    0.088912
1958    0.025839    0.088866
1959    0.025859    0.088821
1960    0.025455    0.088776
1961    0.025288    0.088730
1962    0.025634    0.088685
1963    0.026150    0.088640
1964    0.026173    0.088595
1965    0.025700    0.088550
1966    0.026220    0.089013
1967    0.025979    0.088968
1968    0.026250    0.088923
1969    0.026433    0.088878
1970    0.026155    0.088832
1971    0.026088    0.088787
1972    0.026256    0.088742
1973    0.025482    0.088697
1974    0.023983    0.088652
1975    0.024016    0.088608
1976    0.023912    0.088563
1977    0.025030    0.089024
1978    0.025302    0.088979
1979    0.024856    0.088934
1980    0.025085    0.088889
1981    0.024751    0.088844
1982    0.024806    0.088799
1983    0.024386    0.088754
1984    0.024903    0.088710
1985    0.025255    0.088665
1986    0.024796    0.088620
1987    0.024831    0.088576
1988    0.024483    0.088531
1989    0.024460    0.088487
1990    0.024665    0.088442
1991    0.024031    0.088398
1992    0.023339    0.088353
1993    0.022622    0.088309
1994    0.022507    0.088265
1995    0.022401    0.088221
1996    0.021872    0.088176
1997    0.021558    0.088132
1998    0.022169    0.088088
1999    0.022015    0.088044
2000    0.021005    0.088000
2000    0.021005    0.088000
