1    1.465594    1.000000
2    0.930223    0.500000
3    0.956180    0.666667
4    0.301975    0.500000
5    0.215681    0.400000
6    0.229989    0.333333
7    0.014615    0.285714
8    -0.029756    0.250000
9    -0.060427    0.222222
10    -0.158554    0.200000
11    -0.037918    0.181818
12    -0.133737    0.166667
13    -0.184886    0.153846
14    -0.206421    0.142857
15    -0.204793    0.133333
16    -0.156135    0.187500
17    -0.199752    0.176471
18    -0.207130    0.166667
19    -0.229202    0.157895
20    -0.227263    0.150000
21    -0.289299    0.142857
22    -0.231205    0.136364
23    -0.220450    0.130435
24    -0.232360    0.125000
25    -0.233907    0.120000
26    -0.256062    0.115385
27    -0.240615    0.111111
28    -0.263294    0.107143
29    -0.227062    0.103448
30    -0.190954    0.133333
31    -0.220901    0.129032
32    -0.238176    0.125000
33    -0.199368    0.121212
34    -0.161141    0.147059
35    -0.132519    0.142857
36    -0.157337    0.138889
37    -0.152296    0.135135
38    -0.205646    0.131579
39    -0.180954    0.128205
40    -0.172654    0.125000
41    -0.148614    0.121951
42    -0.150679    0.119048
43    -0.137204    0.116279
44    -0.146102    0.113636
45    -0.142679    0.111111
46    -0.141117    0.108696
47    -0.130159    0.106383
48    -0.127636    0.104167
49    -0.098172    0.122449
50    -0.067393    0.140000
51    -0.054134    0.137255
52    -0.066155    0.134615
53    -0.079704    0.132075
54    -0.059075    0.148148
55    -0.069047    0.145455
56    -0.080447    0.142857
57    -0.096948    0.140351
58    -0.097374    0.137931
59    -0.106037    0.135593
60    -0.103200    0.133333
61    -0.111275    0.131148
62    -0.125088    0.129032
63    -0.102061    0.126984
64    -0.106693    0.125000
65    -0.108831    0.123077
66    -0.108671    0.121212
67    -0.117609    0.119403
68    -0.151683    0.117647
69    -0.149644    0.115942
70    -0.171675    0.114286
71    -0.162199    0.112676
72    -0.152836    0.111111
73    -0.141129    0.109589
74    -0.161973    0.108108
75    -0.144209    0.106667
76    -0.155876    0.105263
77    -0.157293    0.103896
78    -0.168586    0.102564
79    -0.168915    0.101266
80    -0.163244    0.100000
81    -0.150116    0.098765
82    -0.152099    0.097561
83    -0.138874    0.096386
84    -0.113953    0.107143
85    -0.116676    0.105882
86    -0.115156    0.104651
87    -0.119190    0.103448
88    -0.120315    0.102273
89    -0.129210    0.101124
90    -0.142498    0.100000
91    -0.141408    0.098901
92    -0.138221    0.097826
93    -0.136346    0.096774
94    -0.137790    0.095745
95    -0.144935    0.094737
96    -0.133299    0.093750
97    -0.139976    0.092784
98    -0.138089    0.091837
99    -0.136075    0.090909
100    -0.137469    0.090000
101    -0.127162    0.089109
102    -0.120530    0.088235
103    -0.133986    0.087379
104    -0.132822    0.086538
105    -0.138170    0.085714
106    -0.139607    0.084906
107    -0.149590    0.084112
108    -0.146546    0.083333
109    -0.148067    0.082569
110    -0.180683    0.081818
111    -0.196380    0.081081
112    -0.185618    0.080357
113    -0.193281    0.079646
114    -0.197721    0.078947
115    -0.191013    0.078261
116    -0.205503    0.077586
117    -0.210857    0.076923
118    -0.203836    0.076271
119    -0.198488    0.075630
120    -0.205835    0.075000
121    -0.224693    0.074380
122    -0.215738    0.073770
123    -0.213632    0.073171
124    -0.210668    0.072581
125    -0.203491    0.072000
126    -0.200163    0.071429
127    -0.198882    0.070866
128    -0.200201    0.070313
129    -0.196045    0.069767
130    -0.202143    0.069231
131    -0.192016    0.068702
132    -0.192784    0.068182
133    -0.188985    0.067669
134    -0.187309    0.067164
135    -0.188015    0.066667
136    -0.184806    0.066176
137    -0.174339    0.065693
138    -0.160669    0.072464
139    -0.156900    0.071942
140    -0.148404    0.071429
141    -0.155062    0.070922
142    -0.154688    0.070423
143    -0.150595    0.069930
144    -0.145615    0.069444
145    -0.140651    0.068966
146    -0.139799    0.068493
147    -0.126341    0.074830
148    -0.114988    0.081081
149    -0.114408    0.080537
150    -0.109413    0.080000
151    -0.109048    0.079470
152    -0.105975    0.078947
153    -0.109508    0.078431
154    -0.116424    0.077922
155    -0.116862    0.077419
156    -0.110422    0.076923
157    -0.114766    0.076433
158    -0.114109    0.075949
159    -0.116941    0.075472
160    -0.129241    0.075000
161    -0.119427    0.074534
162    -0.114483    0.074074
163    -0.102015    0.079755
164    -0.101528    0.079268
165    -0.091571    0.084848
166    -0.095508    0.084337
167    -0.093101    0.083832
168    -0.092012    0.083333
169    -0.092446    0.082840
170    -0.090586    0.082353
171    -0.090363    0.081871
172    -0.094305    0.081395
173    -0.098669    0.080925
174    -0.093751    0.080460
175    -0.090547    0.080000
176    -0.080947    0.079545
177    -0.095415    0.079096
178    -0.100253    0.078652
179    -0.096090    0.078212
180    -0.103991    0.077778
181    -0.098072    0.077348
182    -0.086083    0.076923
183    -0.084975    0.076503
184    -0.084382    0.076087
185    -0.081768    0.075676
186    -0.081748    0.075269
187    -0.086677    0.074866
188    -0.093852    0.074468
189    -0.095611    0.074074
190    -0.094192    0.073684
191    -0.096298    0.073298
192    -0.098282    0.072917
193    -0.095811    0.072539
194    -0.098209    0.072165
195    -0.098046    0.071795
196    -0.101332    0.071429
197    -0.110107    0.071066
198    -0.117116    0.070707
199    -0.111039    0.075377
200    -0.112845    0.075000
201    -0.114567    0.074627
202    -0.110822    0.074257
203    -0.107873    0.073892
204    -0.100527    0.073529
205    -0.097639    0.073171
206    -0.100111    0.072816
207    -0.095987    0.072464
208    -0.093177    0.072115
209    -0.097681    0.071770
210    -0.093765    0.076190
211    -0.099292    0.075829
212    -0.099799    0.075472
213    -0.102438    0.075117
214    -0.099084    0.079439
215    -0.098410    0.079070
216    -0.097040    0.078704
217    -0.093461    0.078341
218    -0.092335    0.077982
219    -0.090004    0.077626
220    -0.083548    0.077273
221    -0.085883    0.076923
222    -0.084565    0.076577
223    -0.088235    0.076233
224    -0.090616    0.075893
225    -0.096383    0.075556
226    -0.101584    0.075221
227    -0.103376    0.074890
228    -0.093205    0.074561
229    -0.091414    0.074236
230    -0.096492    0.073913
231    -0.098882    0.073593
232    -0.104876    0.073276
233    -0.103667    0.072961
234    -0.095434    0.076923
235    -0.098924    0.076596
236    -0.093250    0.080508
237    -0.100613    0.080169
238    -0.106127    0.079832
239    -0.106644    0.079498
240    -0.104133    0.079167
241    -0.107425    0.078838
242    -0.110764    0.078512
243    -0.108779    0.078189
244    -0.110666    0.077869
245    -0.118140    0.077551
246    -0.114589    0.077236
247    -0.114281    0.076923
248    -0.115238    0.076613
249    -0.123784    0.076305
250    -0.124422    0.076000
251    -0.121515    0.075697
252    -0.123870    0.075397
253    -0.122491    0.075099
254    -0.121116    0.074803
255    -0.119134    0.074510
256    -0.115576    0.074219
257    -0.113108    0.073930
258    -0.106865    0.077519
259    -0.110498    0.077220
260    -0.103077    0.076923
261    -0.099861    0.076628
262    -0.107700    0.076336
263    -0.109449    0.076046
264    -0.108906    0.075758
265    -0.100727    0.079245
266    -0.098832    0.078947
267    -0.099325    0.078652
268    -0.094128    0.082090
269    -0.098792    0.081784
270    -0.088960    0.085185
271    -0.087895    0.084871
272    -0.088330    0.084559
273    -0.088645    0.084249
274    -0.087846    0.083942
275    -0.087411    0.083636
276    -0.087364    0.083333
277    -0.088026    0.083032
278    -0.097020    0.082734
279    -0.099393    0.082437
280    -0.101881    0.082143
281    -0.102183    0.081851
282    -0.099785    0.081560
283    -0.098087    0.081272
284    -0.090063    0.080986
285    -0.093523    0.080702
286    -0.092925    0.080420
287    -0.091919    0.080139
288    -0.097887    0.079861
289    -0.100529    0.079585
290    -0.103178    0.079310
291    -0.100588    0.079038
292    -0.104158    0.078767
293    -0.102359    0.078498
294    -0.106734    0.078231
295    -0.100104    0.081356
296    -0.102930    0.081081
297    -0.106270    0.080808
298    -0.100309    0.083893
299    -0.099271    0.083612
300    -0.099734    0.083333
301    -0.092974    0.086379
302    -0.086525    0.086093
303    -0.085146    0.085809
304    -0.086784    0.085526
305    -0.083851    0.085246
306    -0.087245    0.084967
307    -0.089269    0.084691
308    -0.086035    0.084416
309    -0.085497    0.084142
310    -0.083232    0.083871
311    -0.083094    0.083601
312    -0.084611    0.083333
313    -0.082041    0.083067
314    -0.077772    0.082803
315    -0.078271    0.082540
316    -0.078434    0.082278
317    -0.076345    0.082019
318    -0.076065    0.081761
319    -0.076111    0.081505
320    -0.075653    0.081250
321    -0.071861    0.084112
322    -0.071426    0.083851
323    -0.070937    0.083591
324    -0.070422    0.083333
325    -0.065736    0.086154
326    -0.070291    0.085890
327    -0.063253    0.088685
328    -0.058255    0.091463
329    -0.060216    0.091185
330    -0.057694    0.090909
331    -0.057859    0.090634
332    -0.057680    0.090361
333    -0.054005    0.093093
334    -0.053300    0.092814
335    -0.060204    0.092537
336    -0.053753    0.095238
337    -0.056126    0.094955
338    -0.054927    0.094675
339    -0.054476    0.094395
340    -0.055581    0.094118
341    -0.063014    0.093842
342    -0.062221    0.093567
343    -0.061787    0.093294
344    -0.062389    0.093023
345    -0.056905    0.095652
346    -0.059046    0.095376
347    -0.057884    0.095101
348    -0.058108    0.094828
349    -0.058858    0.094556
350    -0.053590    0.097143
351    -0.053299    0.096866
352    -0.049982    0.096591
353    -0.053443    0.096317
354    -0.051426    0.096045
355    -0.058841    0.095775
356    -0.060431    0.095506
357    -0.060867    0.095238
358    -0.062376    0.094972
359    -0.064016    0.094708
360    -0.066887    0.094444
361    -0.065801    0.094183
362    -0.067210    0.093923
363    -0.069279    0.093664
364    -0.069842    0.093407
365    -0.067510    0.093151
366    -0.068134    0.092896
367    -0.069925    0.092643
368    -0.071865    0.092391
369    -0.071248    0.092141
370    -0.072792    0.091892
371    -0.074844    0.091644
372    -0.073201    0.091398
373    -0.073891    0.091153
374    -0.070774    0.090909
375    -0.067058    0.093333
376    -0.070115    0.093085
377    -0.064407    0.095491
378    -0.064060    0.095238
379    -0.064291    0.094987
380    -0.062598    0.094737
381    -0.062991    0.094488
382    -0.062715    0.094241
383    -0.066234    0.093995
384    -0.064431    0.093750
385    -0.065508    0.093506
386    -0.067160    0.093264
387    -0.066971    0.093023
388    -0.064205    0.095361
389    -0.068186    0.095116
390    -0.063767    0.097436
391    -0.061052    0.099744
392    -0.060056    0.099490
393    -0.058617    0.099237
394    -0.055065    0.101523
395    -0.053924    0.101266
396    -0.053884    0.101010
397    -0.055494    0.100756
398    -0.054210    0.100503
399    -0.051981    0.100251
400    -0.050366    0.100000
401    -0.044309    0.102244
402    -0.041164    0.101990
403    -0.042965    0.101737
404    -0.039177    0.101485
405    -0.041620    0.101235
406    -0.041121    0.100985
407    -0.043314    0.100737
408    -0.040733    0.100490
409    -0.038400    0.100244
410    -0.035227    0.100000
411    -0.035405    0.099757
412    -0.038968    0.099515
413    -0.037682    0.099274
414    -0.039000    0.099034
415    -0.038214    0.098795
416    -0.038009    0.098558
417    -0.040930    0.098321
418    -0.043024    0.098086
419    -0.041418    0.097852
420    -0.039959    0.097619
421    -0.040678    0.097387
422    -0.041329    0.097156
423    -0.038490    0.096927
424    -0.040653    0.096698
425    -0.043079    0.096471
426    -0.041319    0.096244
427    -0.041584    0.096019
428    -0.037911    0.098131
429    -0.040421    0.097902
430    -0.037791    0.097674
431    -0.038793    0.097448
432    -0.035410    0.097222
433    -0.035807    0.096998
434    -0.031821    0.096774
435    -0.035425    0.096552
436    -0.035230    0.096330
437    -0.037549    0.096110
438    -0.039974    0.095890
439    -0.041310    0.095672
440    -0.039854    0.095455
441    -0.043256    0.095238
442    -0.046545    0.095023
443    -0.043733    0.094808
444    -0.041038    0.096847
445    -0.042083    0.096629
446    -0.045655    0.096413
447    -0.048617    0.096197
448    -0.045860    0.098214
449    -0.045905    0.097996
450    -0.047247    0.097778
451    -0.046948    0.097561
452    -0.047845    0.097345
453    -0.049247    0.097130
454    -0.045944    0.096916
455    -0.047319    0.096703
456    -0.046676    0.096491
457    -0.048439    0.096280
458    -0.044243    0.098253
459    -0.044721    0.098039
460    -0.043591    0.097826
461    -0.041148    0.097614
462    -0.039353    0.097403
463    -0.039589    0.097192
464    -0.037373    0.099138
465    -0.040326    0.098925
466    -0.041060    0.098712
467    -0.041057    0.098501
468    -0.042116    0.098291
469    -0.042210    0.098081
470    -0.042955    0.097872
471    -0.043293    0.097665
472    -0.040789    0.097458
473    -0.038166    0.099366
474    -0.038719    0.099156
475    -0.041270    0.098947
476    -0.040982    0.098739
477    -0.041745    0.098532
478    -0.042199    0.098326
479    -0.039448    0.098121
480    -0.038610    0.097917
481    -0.042117    0.097713
482    -0.040855    0.097510
483    -0.039924    0.097308
484    -0.039989    0.097107
485    -0.042243    0.096907
486    -0.042371    0.096708
487    -0.043245    0.096509
488    -0.040417    0.096311
489    -0.037987    0.096115
490    -0.037935    0.095918
491    -0.036548    0.095723
492    -0.034547    0.095528
493    -0.037657    0.095335
494    -0.037343    0.095142
495    -0.038087    0.094949
496    -0.035248    0.094758
497    -0.035377    0.094567
498    -0.031725    0.096386
499    -0.033065    0.096192
500    -0.031906    0.096000
501    -0.034201    0.095808
502    -0.034876    0.095618
503    -0.034349    0.095427
504    -0.033016    0.095238
505    -0.032913    0.095050
506    -0.031022    0.096838
507    -0.031866    0.096647
508    -0.033224    0.096457
509    -0.032564    0.096267
510    -0.031617    0.096078
511    -0.032704    0.095890
512    -0.034261    0.095703
513    -0.030397    0.097466
514    -0.026515    0.097276
515    -0.029059    0.097087
516    -0.029678    0.096899
517    -0.028967    0.096712
518    -0.029364    0.096525
519    -0.027449    0.096339
520    -0.026247    0.098077
521    -0.028413    0.097889
522    -0.027429    0.097701
523    -0.028134    0.097514
524    -0.027881    0.097328
525    -0.027165    0.097143
526    -0.028089    0.096958
527    -0.027902    0.096774
528    -0.028483    0.096591
529    -0.026939    0.098299
530    -0.024716    0.098113
531    -0.028248    0.097928
532    -0.026589    0.099624
533    -0.026925    0.099437
534    -0.023838    0.101124
535    -0.022630    0.100935
536    -0.022559    0.100746
537    -0.019314    0.102421
538    -0.019104    0.102230
539    -0.025031    0.102041
540    -0.023982    0.101852
541    -0.022609    0.101664
542    -0.019688    0.103321
543    -0.020826    0.103131
544    -0.022327    0.102941
545    -0.021377    0.102752
546    -0.017822    0.102564
547    -0.016804    0.102377
548    -0.016779    0.102190
549    -0.016392    0.102004
550    -0.016791    0.101818
551    -0.017513    0.101633
552    -0.020922    0.101449
553    -0.023821    0.101266
554    -0.023327    0.101083
555    -0.024299    0.100901
556    -0.025060    0.100719
557    -0.027755    0.100539
558    -0.029339    0.100358
559    -0.029623    0.100179
560    -0.029624    0.100000
561    -0.028371    0.099822
562    -0.028300    0.099644
563    -0.027896    0.099467
564    -0.028463    0.099291
565    -0.027254    0.099115
566    -0.024917    0.100707
567    -0.024587    0.100529
568    -0.024742    0.100352
569    -0.027685    0.100176
570    -0.027182    0.100000
571    -0.026900    0.099825
572    -0.028853    0.099650
573    -0.028695    0.099476
574    -0.028194    0.099303
575    -0.025951    0.099130
576    -0.027484    0.098958
577    -0.027725    0.098787
578    -0.031859    0.098616
579    -0.030521    0.100173
580    -0.031881    0.100000
581    -0.036159    0.099828
582    -0.034500    0.099656
583    -0.032949    0.099485
584    -0.032526    0.099315
585    -0.034472    0.099145
586    -0.036009    0.098976
587    -0.036598    0.098807
588    -0.034630    0.098639
589    -0.035090    0.098472
590    -0.032894    0.098305
591    -0.033121    0.098139
592    -0.033807    0.097973
593    -0.033292    0.097808
594    -0.033091    0.097643
595    -0.033235    0.097479
596    -0.033021    0.097315
597    -0.033221    0.097152
598    -0.031132    0.096990
599    -0.033205    0.096828
600    -0.035607    0.096667
601    -0.039645    0.096506
602    -0.039843    0.096346
603    -0.038154    0.096186
604    -0.038517    0.096026
605    -0.036550    0.097521
606    -0.036235    0.097360
607    -0.038633    0.097199
608    -0.040824    0.097039
609    -0.039332    0.096880
610    -0.039969    0.096721
611    -0.039937    0.096563
612    -0.039899    0.096405
613    -0.035545    0.097879
614    -0.036613    0.097720
615    -0.035882    0.097561
616    -0.034053    0.099026
617    -0.032209    0.098865
618    -0.033154    0.098706
619    -0.032084    0.098546
620    -0.030513    0.098387
621    -0.031484    0.098229
622    -0.030170    0.098071
623    -0.029737    0.097913
624    -0.029979    0.097756
625    -0.030789    0.097600
626    -0.032104    0.097444
627    -0.031159    0.097289
628    -0.035329    0.097134
629    -0.034318    0.096979
630    -0.036640    0.096825
631    -0.035680    0.096672
632    -0.034328    0.096519
633    -0.037242    0.096367
634    -0.032933    0.097792
635    -0.034003    0.097638
636    -0.033585    0.097484
637    -0.032324    0.097331
638    -0.032788    0.097179
639    -0.035014    0.097027
640    -0.034340    0.096875
641    -0.033982    0.096724
642    -0.031855    0.098131
643    -0.029265    0.099533
644    -0.024045    0.100932
645    -0.024771    0.100775
646    -0.025633    0.100619
647    -0.028361    0.100464
648    -0.029895    0.100309
649    -0.030317    0.100154
650    -0.030147    0.100000
651    -0.033195    0.099846
652    -0.031533    0.099693
653    -0.032106    0.099541
654    -0.037199    0.099388
655    -0.039039    0.099237
656    -0.040699    0.099085
657    -0.039643    0.098935
658    -0.042133    0.098784
659    -0.042694    0.098634
660    -0.044091    0.098485
661    -0.046438    0.098336
662    -0.045374    0.098187
663    -0.048776    0.098039
664    -0.047117    0.097892
665    -0.048257    0.097744
666    -0.050362    0.097598
667    -0.049945    0.097451
668    -0.051875    0.097305
669    -0.051303    0.097160
670    -0.051859    0.097015
671    -0.052069    0.096870
672    -0.052432    0.096726
673    -0.053352    0.096582
674    -0.054785    0.096439
675    -0.057112    0.096296
676    -0.056011    0.096154
677    -0.058113    0.096012
678    -0.055418    0.097345
679    -0.055346    0.097202
680    -0.054279    0.097059
681    -0.054108    0.096916
682    -0.054623    0.096774
683    -0.054273    0.096633
684    -0.054934    0.096491
685    -0.056089    0.096350
686    -0.055310    0.096210
687    -0.054310    0.096070
688    -0.054303    0.095930
689    -0.053433    0.095791
690    -0.053271    0.095652
691    -0.052063    0.096961
692    -0.052301    0.096821
693    -0.052223    0.096681
694    -0.053050    0.096542
695    -0.053458    0.096403
696    -0.054657    0.096264
697    -0.053528    0.096126
698    -0.052832    0.095989
699    -0.052563    0.095851
700    -0.052756    0.095714
701    -0.052285    0.095578
702    -0.051608    0.095442
703    -0.049791    0.095306
704    -0.048861    0.095170
705    -0.048741    0.095035
706    -0.048349    0.094901
707    -0.047067    0.094767
708    -0.047416    0.094633
709    -0.046553    0.094499
710    -0.045846    0.094366
711    -0.042129    0.095640
712    -0.043721    0.095506
713    -0.043794    0.095372
714    -0.045864    0.095238
715    -0.044732    0.095105
716    -0.046377    0.094972
717    -0.045610    0.094840
718    -0.045798    0.094708
719    -0.046305    0.094576
720    -0.047598    0.094444
721    -0.047956    0.094313
722    -0.047408    0.094183
723    -0.046269    0.094053
724    -0.047697    0.093923
725    -0.048111    0.093793
726    -0.047641    0.093664
727    -0.045936    0.093535
728    -0.047818    0.093407
729    -0.047193    0.093278
730    -0.047845    0.093151
731    -0.047871    0.093023
732    -0.049275    0.092896
733    -0.050931    0.092769
734    -0.047655    0.094005
735    -0.048881    0.093878
736    -0.048215    0.093750
737    -0.050798    0.093623
738    -0.052405    0.093496
739    -0.051205    0.094723
740    -0.048798    0.095946
741    -0.049878    0.095816
742    -0.050495    0.095687
743    -0.050754    0.095559
744    -0.050318    0.095430
745    -0.050224    0.095302
746    -0.050867    0.095174
747    -0.049470    0.095047
748    -0.046530    0.094920
749    -0.044803    0.094793
750    -0.047192    0.094667
751    -0.046002    0.095872
752    -0.045871    0.095745
753    -0.045848    0.095618
754    -0.046687    0.095491
755    -0.047323    0.095364
756    -0.048243    0.095238
757    -0.047590    0.095112
758    -0.045626    0.094987
759    -0.044804    0.094862
760    -0.043223    0.096053
761    -0.042553    0.095926
762    -0.042305    0.095801
763    -0.042598    0.095675
764    -0.041521    0.095550
765    -0.043669    0.095425
766    -0.043211    0.095300
767    -0.043500    0.095176
768    -0.043087    0.095052
769    -0.043838    0.094928
770    -0.043376    0.094805
771    -0.041820    0.094682
772    -0.042949    0.094560
773    -0.043632    0.094437
774    -0.042899    0.094315
775    -0.042103    0.094194
776    -0.040025    0.094072
777    -0.039584    0.093951
778    -0.039421    0.093830
779    -0.040013    0.093710
780    -0.040356    0.093590
781    -0.039323    0.093470
782    -0.036573    0.094629
783    -0.034262    0.094508
784    -0.035532    0.094388
785    -0.034587    0.094268
786    -0.032975    0.095420
787    -0.032875    0.095299
788    -0.034178    0.095178
789    -0.033145    0.095057
790    -0.032380    0.094937
791    -0.033800    0.094817
792    -0.033832    0.094697
793    -0.033284    0.094578
794    -0.033082    0.094458
795    -0.031895    0.094340
796    -0.028625    0.095477
797    -0.029701    0.095358
798    -0.029463    0.095238
799    -0.029037    0.096370
800    -0.029868    0.096250
801    -0.029488    0.096130
802    -0.030110    0.096010
803    -0.031383    0.095890
804    -0.031835    0.095771
805    -0.031424    0.095652
806    -0.032201    0.095533
807    -0.033399    0.095415
808    -0.030659    0.096535
809    -0.027591    0.097651
810    -0.028383    0.097531
811    -0.027909    0.097411
812    -0.028188    0.097291
813    -0.027378    0.097171
814    -0.026573    0.097052
815    -0.026226    0.096933
816    -0.025503    0.096814
817    -0.024960    0.096695
818    -0.023757    0.096577
819    -0.023326    0.096459
820    -0.024455    0.096341
821    -0.024763    0.096224
822    -0.023468    0.097324
823    -0.022759    0.097205
824    -0.022744    0.097087
825    -0.025544    0.096970
826    -0.023459    0.096852
827    -0.022645    0.097944
828    -0.022292    0.097826
829    -0.021783    0.097708
830    -0.019543    0.098795
831    -0.018663    0.098676
832    -0.018343    0.098558
833    -0.017509    0.098439
834    -0.018465    0.098321
835    -0.020590    0.098204
836    -0.021292    0.098086
837    -0.020624    0.097969
838    -0.019322    0.099045
839    -0.020350    0.098927
840    -0.023306    0.098810
841    -0.023250    0.098692
842    -0.023961    0.098575
843    -0.024979    0.098458
844    -0.023383    0.098341
845    -0.023424    0.098225
846    -0.020641    0.099291
847    -0.019625    0.099174
848    -0.018657    0.099057
849    -0.018739    0.098940
850    -0.017594    0.098824
851    -0.017657    0.098707
852    -0.018011    0.098592
853    -0.018096    0.098476
854    -0.020289    0.098361
855    -0.020037    0.098246
856    -0.020281    0.098131
857    -0.020313    0.098016
858    -0.020525    0.097902
859    -0.020241    0.097788
860    -0.019908    0.097674
861    -0.018599    0.097561
862    -0.017151    0.097448
863    -0.017442    0.097335
864    -0.016671    0.097222
865    -0.015490    0.097110
866    -0.014429    0.096998
867    -0.014006    0.096886
868    -0.013702    0.096774
869    -0.012254    0.096663
870    -0.010806    0.097701
871    -0.010342    0.097589
872    -0.008971    0.097477
873    -0.008410    0.097365
874    -0.006848    0.098398
875    -0.005432    0.098286
876    -0.005892    0.098174
877    -0.005603    0.098062
878    -0.005720    0.097950
879    -0.005099    0.097838
880    -0.005827    0.097727
881    -0.007029    0.097616
882    -0.004338    0.098639
883    -0.005623    0.098528
884    -0.004649    0.099548
885    -0.005287    0.099435
886    -0.005543    0.099323
887    -0.005217    0.099211
888    -0.005962    0.099099
889    -0.004604    0.098988
890    -0.006033    0.098876
891    -0.004606    0.098765
892    -0.002742    0.099776
893    -0.003444    0.099664
894    -0.002694    0.099553
895    -0.002733    0.099441
896    -0.002140    0.099330
897    -0.002682    0.099220
898    -0.002568    0.099109
899    -0.002887    0.098999
900    -0.003848    0.098889
901    -0.004309    0.098779
902    -0.003091    0.098670
903    -0.001539    0.099668
904    -0.001031    0.099558
905    -0.002785    0.099448
906    -0.004555    0.099338
907    -0.006317    0.099228
908    -0.005765    0.099119
909    -0.006744    0.099010
910    -0.007326    0.098901
911    -0.004444    0.099890
912    -0.004299    0.099781
913    -0.004379    0.099671
914    -0.007394    0.099562
915    -0.006523    0.099454
916    -0.003358    0.100437
917    -0.002136    0.100327
918    -0.000595    0.101307
919    -0.001064    0.101197
920    0.000432    0.102174
921    0.001116    0.103149
922    0.002753    0.104121
923    0.003365    0.104009
924    0.003841    0.103896
925    0.004640    0.103784
926    0.004739    0.103672
927    0.005346    0.103560
928    0.003161    0.103448
929    0.002844    0.103337
930    0.000837    0.103226
931    0.000549    0.103115
932    -0.000513    0.103004
933    -0.000123    0.102894
934    0.000910    0.102784
935    -0.000197    0.102674
936    0.000675    0.102564
937    -0.000014    0.102455
938    -0.000056    0.102345
939    -0.000420    0.102236
940    0.000279    0.102128
941    0.000139    0.102019
942    0.000639    0.101911
943    -0.000313    0.101803
944    -0.000060    0.101695
945    -0.000107    0.101587
946    -0.000350    0.101480
947    -0.002112    0.101373
948    -0.002077    0.101266
949    -0.002904    0.101159
950    -0.004457    0.101053
951    -0.002922    0.100946
952    -0.003588    0.100840
953    -0.004189    0.100735
954    -0.005475    0.100629
955    -0.005630    0.100524
956    -0.005217    0.100418
957    -0.004043    0.100313
958    -0.003746    0.100209
959    -0.004166    0.100104
960    -0.005227    0.100000
961    -0.004976    0.099896
962    -0.003479    0.099792
963    -0.004547    0.099688
964    -0.003672    0.099585
965    -0.003750    0.099482
966    -0.004260    0.099379
967    -0.002016    0.100310
968    -0.001060    0.101240
969    -0.002820    0.101135
970    -0.001012    0.101031
971    -0.002126    0.100927
972    0.000004    0.100823
973    -0.000320    0.100719
974    -0.000641    0.100616
975    0.000149    0.100513
976    -0.000191    0.100410
977    0.000552    0.100307
978    0.001415    0.101227
979    0.001946    0.101124
980    0.002218    0.101020
981    0.001161    0.100917
982    0.001270    0.100815
983    0.001888    0.100712
984    0.001156    0.100610
985    0.001660    0.100508
986    0.001740    0.100406
987    0.001180    0.100304
988    -0.000217    0.100202
989    0.001551    0.101112
990    0.002387    0.101010
991    0.000922    0.100908
992    0.000430    0.100806
993    -0.000796    0.100705
994    0.000356    0.100604
995    0.000159    0.100503
996    -0.001292    0.100402
997    0.001263    0.101304
998    0.003341    0.102204
999    0.003872    0.102102
1000    0.003169    0.102000
1001    0.003645    0.101898
1002    0.002819    0.101796
1003    0.000580    0.101695
1004    0.000816    0.101594
1005    0.001703    0.101493
1006    0.001339    0.101392
1007    0.000278    0.101291
1008    -0.000003    0.101190
1009    0.000607    0.101090
1010    0.000786    0.100990
1011    -0.000609    0.100890
1012    -0.000257    0.100791
1013    0.000741    0.100691
1014    0.001822    0.100592
1015    0.000741    0.100493
1016    -0.000324    0.100394
1017    -0.000514    0.100295
1018    0.000020    0.100196
1019    0.000186    0.100098
1020    0.002168    0.100980
1021    0.002200    0.100881
1022    0.002455    0.100783
1023    0.002318    0.100684
1024    0.000680    0.100586
1025    0.001280    0.100488
1026    0.000068    0.100390
1027    0.000299    0.100292
1028    0.001187    0.100195
1029    0.002506    0.101069
1030    0.001131    0.100971
1031    0.000130    0.100873
1032    0.000872    0.100775
1033    -0.001610    0.100678
1034    -0.001581    0.100580
1035    -0.000848    0.100483
1036    -0.001005    0.100386
1037    0.000204    0.101254
1038    0.001061    0.101156
1039    0.001045    0.101059
1040    -0.000437    0.100962
1041    -0.000660    0.100865
1042    -0.000061    0.100768
1043    0.000175    0.100671
1044    -0.000672    0.100575
1045    0.000252    0.100478
1046    -0.000379    0.100382
1047    0.000448    0.101242
1048    0.001158    0.101145
1049    0.001810    0.101049
1050    0.001103    0.100952
1051    0.001952    0.100856
1052    0.000863    0.100760
1053    0.000225    0.100665
1054    0.000342    0.100569
1055    0.000318    0.100474
1056    0.000466    0.100379
1057    -0.000509    0.100284
1058    -0.001416    0.100189
1059    -0.000690    0.100094
1060    0.000384    0.100000
1061    0.000529    0.099906
1062    -0.000163    0.099812
1063    0.000308    0.099718
1064    0.000425    0.099624
1065    0.001084    0.099531
1066    -0.000244    0.099437
1067    -0.000871    0.099344
1068    -0.001569    0.099251
1069    -0.001593    0.099158
1070    -0.001185    0.099065
1071    -0.002995    0.098973
1072    -0.002303    0.098881
1073    -0.002072    0.098788
1074    -0.001449    0.098696
1075    -0.001449    0.098605
1076    -0.001546    0.098513
1077    -0.000077    0.098422
1078    0.000355    0.098330
1079    -0.000398    0.098239
1080    0.001200    0.099074
1081    0.001079    0.098982
1082    0.001745    0.098891
1083    0.001605    0.098800
1084    0.001255    0.098708
1085    0.001868    0.098618
1086    0.002088    0.098527
1087    0.002026    0.098436
1088    0.002683    0.098346
1089    0.002395    0.098255
1090    0.002202    0.098165
1091    0.001279    0.098075
1092    0.001458    0.097985
1093    0.001605    0.097896
1094    0.000654    0.097806
1095    0.000353    0.097717
1096    0.000167    0.097628
1097    0.000251    0.097539
1098    0.000046    0.097450
1099    -0.001344    0.097361
1100    0.000074    0.098182
1101    -0.000772    0.098093
1102    -0.000355    0.098004
1103    0.000372    0.097915
1104    0.000845    0.097826
1105    0.001019    0.097738
1106    0.001924    0.098553
1107    0.002891    0.099368
1108    0.002432    0.099278
1109    0.002085    0.099188
1110    0.001218    0.099099
1111    0.001584    0.099010
1112    0.002866    0.099820
1113    0.004186    0.099730
1114    0.003547    0.099641
1115    0.003339    0.099552
1116    0.004394    0.099462
1117    0.003329    0.099373
1118    0.003153    0.099284
1119    0.003847    0.099196
1120    0.001853    0.099107
1121    0.000672    0.099019
1122    -0.000682    0.098930
1123    0.000325    0.098842
1124    0.001109    0.098754
1125    0.000990    0.098667
1126    0.001183    0.098579
1127    0.001351    0.099379
1128    0.002266    0.099291
1129    0.001325    0.099203
1130    0.001061    0.099115
1131    0.001026    0.099027
1132    0.001252    0.098940
1133    -0.000008    0.098853
1134    0.000861    0.099647
1135    -0.001108    0.099559
1136    -0.001855    0.099472
1137    -0.001341    0.099384
1138    -0.000882    0.099297
1139    -0.001679    0.099210
1140    -0.001174    0.099123
1141    -0.000960    0.099036
1142    -0.001828    0.098949
1143    -0.002552    0.098863
1144    -0.001624    0.098776
1145    -0.000482    0.098690
1146    0.000016    0.098604
1147    -0.000928    0.098518
1148    -0.001601    0.098432
1149    -0.001938    0.098346
1150    -0.001578    0.098261
1151    -0.002783    0.098175
1152    -0.003816    0.098090
1153    -0.002687    0.098873
1154    -0.002428    0.098787
1155    -0.002731    0.098701
1156    -0.001755    0.098616
1157    -0.002715    0.098531
1158    -0.002439    0.098446
1159    -0.002813    0.098361
1160    -0.002120    0.099138
1161    -0.001078    0.099053
1162    -0.001427    0.098967
1163    -0.001341    0.098882
1164    0.000121    0.099656
1165    -0.001326    0.099571
1166    -0.001973    0.099485
1167    -0.001684    0.099400
1168    -0.001015    0.099315
1169    0.000195    0.099230
1170    0.000190    0.099145
1171    -0.000237    0.099061
1172    -0.000766    0.098976
1173    0.000240    0.098892
1174    0.001510    0.098807
1175    -0.000061    0.098723
1176    -0.000079    0.098639
1177    -0.001508    0.098556
1178    -0.000174    0.099321
1179    -0.000957    0.099237
1180    -0.001497    0.099153
1181    -0.001019    0.099915
1182    -0.001568    0.099831
1183    -0.002793    0.099746
1184    -0.002027    0.099662
1185    -0.002276    0.099578
1186    -0.003321    0.099494
1187    -0.003912    0.099410
1188    -0.005368    0.099327
1189    -0.005463    0.099243
1190    -0.006318    0.099160
1191    -0.006511    0.099076
1192    -0.007492    0.098993
1193    -0.008496    0.098910
1194    -0.008390    0.098827
1195    -0.009720    0.098745
1196    -0.007789    0.099498
1197    -0.008912    0.099415
1198    -0.009625    0.099332
1199    -0.011113    0.099249
1200    -0.014047    0.099167
1201    -0.014345    0.099084
1202    -0.012455    0.099834
1203    -0.010934    0.099751
1204    -0.011615    0.099668
1205    -0.011380    0.099585
1206    -0.011617    0.099502
1207    -0.009830    0.100249
1208    -0.009513    0.100166
1209    -0.008796    0.100083
1210    -0.007918    0.100000
1211    -0.008237    0.099917
1212    -0.008430    0.099835
1213    -0.010045    0.099753
1214    -0.010714    0.099671
1215    -0.010532    0.099588
1216    -0.008267    0.100329
1217    -0.008219    0.100247
1218    -0.007784    0.100164
1219    -0.006528    0.100902
1220    -0.005837    0.100820
1221    -0.006894    0.100737
1222    -0.006618    0.100655
1223    -0.006559    0.100572
1224    -0.004134    0.101307
1225    -0.003863    0.101224
1226    -0.003653    0.101142
1227    -0.004640    0.101059
1228    -0.005139    0.100977
1229    -0.003995    0.101709
1230    -0.003863    0.101626
1231    -0.003933    0.101543
1232    -0.005335    0.101461
1233    -0.006075    0.101379
1234    -0.007129    0.101297
1235    -0.007823    0.101215
1236    -0.006580    0.101133
1237    -0.007461    0.101051
1238    -0.008266    0.100969
1239    -0.010035    0.100888
1240    -0.012087    0.100806
1241    -0.013323    0.100725
1242    -0.013164    0.100644
1243    -0.011612    0.101368
1244    -0.012502    0.101286
1245    -0.012977    0.101205
1246    -0.012251    0.101124
1247    -0.012599    0.101043
1248    -0.014460    0.100962
1249    -0.013886    0.100881
1250    -0.014774    0.100800
1251    -0.014737    0.100719
1252    -0.014398    0.100639
1253    -0.015779    0.100559
1254    -0.015511    0.100478
1255    -0.015397    0.100398
1256    -0.015406    0.100318
1257    -0.014732    0.100239
1258    -0.014120    0.100159
1259    -0.013937    0.100079
1260    -0.014871    0.100000
1261    -0.014731    0.099921
1262    -0.015510    0.099842
1263    -0.014068    0.099762
1264    -0.013891    0.099684
1265    -0.013720    0.099605
1266    -0.012816    0.099526
1267    -0.012834    0.099448
1268    -0.013495    0.099369
1269    -0.013131    0.099291
1270    -0.013550    0.099213
1271    -0.013182    0.099135
1272    -0.013083    0.099057
1273    -0.012490    0.098979
1274    -0.012278    0.098901
1275    -0.011691    0.098824
1276    -0.011887    0.098746
1277    -0.012686    0.098669
1278    -0.012443    0.098592
1279    -0.012834    0.098514
1280    -0.012887    0.098437
1281    -0.012267    0.098361
1282    -0.011482    0.098284
1283    -0.011293    0.098207
1284    -0.011129    0.098131
1285    -0.011029    0.098054
1286    -0.009180    0.098756
1287    -0.009539    0.098679
1288    -0.008359    0.098602
1289    -0.008988    0.098526
1290    -0.009699    0.098450
1291    -0.008601    0.098373
1292    -0.009501    0.098297
1293    -0.009813    0.098221
1294    -0.009423    0.098145
1295    -0.010043    0.098069
1296    -0.008941    0.098765
1297    -0.008866    0.098689
1298    -0.009028    0.098613
1299    -0.008881    0.098537
1300    -0.009931    0.098462
1301    -0.010876    0.098386
1302    -0.010324    0.098310
1303    -0.010253    0.098235
1304    -0.009466    0.098160
1305    -0.008477    0.098084
1306    -0.009949    0.098009
1307    -0.008966    0.097934
1308    -0.008117    0.098624
1309    -0.008275    0.098549
1310    -0.007103    0.098473
1311    -0.007276    0.098398
1312    -0.007970    0.098323
1313    -0.008802    0.098248
1314    -0.009390    0.098174
1315    -0.009394    0.098099
1316    -0.010707    0.098024
1317    -0.010754    0.097950
1318    -0.010030    0.097876
1319    -0.010211    0.097801
1320    -0.010071    0.097727
1321    -0.009615    0.097653
1322    -0.010260    0.097579
1323    -0.009999    0.097506
1324    -0.010661    0.097432
1325    -0.009625    0.097358
1326    -0.009569    0.097285
1327    -0.008835    0.097212
1328    -0.009324    0.097139
1329    -0.009151    0.097065
1330    -0.008660    0.096992
1331    -0.009235    0.096920
1332    -0.008940    0.096847
1333    -0.008387    0.097524
1334    -0.007306    0.098201
1335    -0.006075    0.098127
1336    -0.005589    0.098054
1337    -0.005585    0.097981
1338    -0.005903    0.097907
1339    -0.005532    0.097834
1340    -0.006674    0.097761
1341    -0.006132    0.097688
1342    -0.005657    0.097615
1343    -0.005675    0.097543
1344    -0.005110    0.097470
1345    -0.004545    0.097398
1346    -0.004753    0.097325
1347    -0.004751    0.097253
1348    -0.004242    0.097181
1349    -0.002892    0.097109
1350    -0.003641    0.097037
1351    -0.003006    0.096965
1352    -0.002960    0.096893
1353    -0.004829    0.096822
1354    -0.005577    0.096750
1355    -0.005642    0.096679
1356    -0.005317    0.096608
1357    -0.006869    0.096536
1358    -0.006339    0.097202
1359    -0.006343    0.097130
1360    -0.005539    0.097059
1361    -0.006337    0.096988
1362    -0.005357    0.096916
1363    -0.006051    0.096845
1364    -0.005615    0.096774
1365    -0.005400    0.096703
1366    -0.005782    0.096633
1367    -0.006142    0.096562
1368    -0.005918    0.096491
1369    -0.005944    0.096421
1370    -0.007752    0.096350
1371    -0.006958    0.097009
1372    -0.006104    0.096939
1373    -0.007026    0.096868
1374    -0.006696    0.096798
1375    -0.007460    0.096727
1376    -0.007342    0.096657
1377    -0.007793    0.096587
1378    -0.009009    0.096517
1379    -0.009109    0.096447
1380    -0.009245    0.096377
1381    -0.009632    0.096307
1382    -0.009284    0.096237
1383    -0.008495    0.096168
1384    -0.008254    0.096098
1385    -0.007695    0.096751
1386    -0.007772    0.096681
1387    -0.008143    0.096611
1388    -0.008065    0.096542
1389    -0.009128    0.096472
1390    -0.009476    0.096403
1391    -0.009232    0.096334
1392    -0.009952    0.096264
1393    -0.009121    0.096195
1394    -0.009440    0.096126
1395    -0.008686    0.096057
1396    -0.008759    0.095989
1397    -0.008106    0.095920
1398    -0.009273    0.095851
1399    -0.009197    0.095783
1400    -0.008358    0.096429
1401    -0.008369    0.096360
1402    -0.007961    0.096291
1403    -0.008383    0.096222
1404    -0.008204    0.096154
1405    -0.009455    0.096085
1406    -0.008628    0.096017
1407    -0.008168    0.095949
1408    -0.007407    0.095881
1409    -0.006255    0.095813
1410    -0.006303    0.095745
1411    -0.006399    0.095677
1412    -0.006398    0.095609
1413    -0.005839    0.095541
1414    -0.006882    0.095474
1415    -0.006248    0.095406
1416    -0.005159    0.096045
1417    -0.005879    0.095977
1418    -0.004254    0.096615
1419    -0.004281    0.096547
1420    -0.003503    0.097183
1421    -0.003646    0.097115
1422    -0.004390    0.097046
1423    -0.004445    0.096978
1424    -0.004403    0.096910
1425    -0.005358    0.096842
1426    -0.004009    0.097475
1427    -0.003866    0.097407
1428    -0.004790    0.097339
1429    -0.006267    0.097271
1430    -0.007122    0.097203
1431    -0.006527    0.097135
1432    -0.007855    0.097067
1433    -0.007513    0.096999
1434    -0.006809    0.096932
1435    -0.007171    0.096864
1436    -0.006225    0.096797
1437    -0.007228    0.096729
1438    -0.006198    0.096662
1439    -0.006284    0.096595
1440    -0.006496    0.096528
1441    -0.006457    0.096461
1442    -0.006881    0.096394
1443    -0.007642    0.096327
1444    -0.008017    0.096260
1445    -0.008288    0.096194
1446    -0.008471    0.096127
1447    -0.007030    0.096752
1448    -0.006125    0.096685
1449    -0.007260    0.096618
1450    -0.008575    0.096552
1451    -0.007777    0.097174
1452    -0.007006    0.097796
1453    -0.006953    0.097729
1454    -0.007119    0.097662
1455    -0.007270    0.097595
1456    -0.006841    0.097527
1457    -0.007000    0.097461
1458    -0.005898    0.098080
1459    -0.005518    0.098012
1460    -0.006251    0.097945
1461    -0.006340    0.097878
1462    -0.006754    0.097811
1463    -0.007730    0.097744
1464    -0.007917    0.097678
1465    -0.007766    0.097611
1466    -0.007865    0.097544
1467    -0.007290    0.097478
1468    -0.008105    0.097411
1469    -0.008745    0.097345
1470    -0.008162    0.097279
1471    -0.008313    0.097213
1472    -0.008277    0.097147
1473    -0.008487    0.097081
1474    -0.009494    0.097015
1475    -0.009681    0.096949
1476    -0.009174    0.096883
1477    -0.008566    0.096818
1478    -0.007499    0.096752
1479    -0.008396    0.096687
1480    -0.009313    0.096622
1481    -0.009537    0.096556
1482    -0.009144    0.096491
1483    -0.009255    0.096426
1484    -0.007439    0.097035
1485    -0.007200    0.096970
1486    -0.008084    0.096904
1487    -0.007201    0.096839
1488    -0.007682    0.096774
1489    -0.008606    0.096709
1490    -0.009958    0.096644
1491    -0.009453    0.097250
1492    -0.008624    0.097855
1493    -0.009558    0.097790
1494    -0.008821    0.097724
1495    -0.009323    0.097659
1496    -0.010145    0.097594
1497    -0.009964    0.097528
1498    -0.009262    0.097463
1499    -0.010251    0.097398
1500    -0.010413    0.097333
1501    -0.009986    0.097268
1502    -0.009884    0.097204
1503    -0.009889    0.097139
1504    -0.009513    0.097074
1505    -0.008907    0.097010
1506    -0.008503    0.097610
1507    -0.007512    0.098208
1508    -0.007943    0.098143
1509    -0.007706    0.098078
1510    -0.008371    0.098013
1511    -0.008118    0.097948
1512    -0.007803    0.097884
1513    -0.006793    0.097819
1514    -0.006340    0.097754
1515    -0.005214    0.098350
1516    -0.005146    0.098285
1517    -0.005677    0.098220
1518    -0.005470    0.098155
1519    -0.005403    0.098091
1520    -0.005430    0.098026
1521    -0.004771    0.097962
1522    -0.005089    0.097898
1523    -0.004494    0.097833
1524    -0.005046    0.097769
1525    -0.004957    0.097705
1526    -0.004198    0.097641
1527    -0.004556    0.097577
1528    -0.004424    0.097513
1529    -0.003306    0.098103
1530    -0.002730    0.098039
1531    -0.002696    0.097975
1532    -0.002774    0.097911
1533    -0.003147    0.097847
1534    -0.002524    0.098435
1535    -0.002242    0.098371
1536    -0.002054    0.098307
1537    -0.002042    0.098243
1538    -0.002848    0.098179
1539    -0.002374    0.098116
1540    -0.002887    0.098052
1541    -0.002319    0.097988
1542    -0.002869    0.097925
1543    -0.002851    0.097861
1544    -0.003463    0.097798
1545    -0.003900    0.097735
1546    -0.002801    0.097671
1547    -0.003133    0.097608
1548    -0.002593    0.097545
1549    -0.001723    0.097482
1550    -0.001616    0.097419
1551    -0.002080    0.097357
1552    -0.002557    0.097294
1553    -0.002415    0.097231
1554    -0.001168    0.097812
1555    -0.001169    0.097749
1556    -0.001478    0.097686
1557    -0.002896    0.097624
1558    -0.001463    0.098203
1559    -0.001312    0.098140
1560    -0.001455    0.098077
1561    -0.000883    0.098655
1562    0.000411    0.099232
1563    0.000621    0.099168
1564    0.000291    0.099105
1565    0.000346    0.099042
1566    0.001818    0.099617
1567    0.002055    0.099553
1568    0.001982    0.099490
1569    0.002950    0.100064
1570    0.004001    0.100637
1571    0.003848    0.100573
1572    0.004546    0.101145
1573    0.004207    0.101081
1574    0.004334    0.101017
1575    0.004703    0.100952
1576    0.004934    0.100888
1577    0.005099    0.100824
1578    0.004738    0.100760
1579    0.004780    0.100697
1580    0.004219    0.100633
1581    0.003770    0.100569
1582    0.002982    0.100506
1583    0.002974    0.100442
1584    0.003476    0.100379
1585    0.004163    0.100946
1586    0.003748    0.100883
1587    0.004587    0.101449
1588    0.006012    0.102015
1589    0.006316    0.101951
1590    0.006764    0.101887
1591    0.007111    0.101823
1592    0.008161    0.102387
1593    0.007821    0.102323
1594    0.007763    0.102258
1595    0.008514    0.102821
1596    0.008060    0.102757
1597    0.008037    0.102693
1598    0.007743    0.102628
1599    0.007478    0.102564
1600    0.006941    0.102500
1601    0.007263    0.102436
1602    0.006710    0.102372
1603    0.007403    0.102932
1604    0.006227    0.102868
1605    0.006108    0.102804
1606    0.006437    0.102740
1607    0.006802    0.102676
1608    0.007085    0.102612
1609    0.006795    0.102548
1610    0.006292    0.102484
1611    0.006926    0.102421
1612    0.007380    0.102357
1613    0.008437    0.102294
1614    0.008559    0.102230
1615    0.008387    0.102167
1616    0.007695    0.102104
1617    0.007787    0.102041
1618    0.008158    0.101978
1619    0.007181    0.101915
1620    0.007464    0.101852
1621    0.007634    0.101789
1622    0.006859    0.101726
1623    0.007036    0.101664
1624    0.007525    0.101601
1625    0.007676    0.101538
1626    0.008454    0.102091
1627    0.009059    0.102028
1628    0.008609    0.101966
1629    0.009208    0.101903
1630    0.009245    0.101840
1631    0.009849    0.101778
1632    0.009447    0.101716
1633    0.008619    0.101653
1634    0.007757    0.101591
1635    0.008085    0.101529
1636    0.009129    0.102078
1637    0.009347    0.102016
1638    0.009697    0.101954
1639    0.010401    0.102502
1640    0.011373    0.103049
1641    0.011328    0.102986
1642    0.012204    0.102923
1643    0.011659    0.102861
1644    0.011901    0.102798
1645    0.012068    0.102736
1646    0.012481    0.102673
1647    0.012795    0.103218
1648    0.013435    0.103155
1649    0.013890    0.103093
1650    0.012911    0.103030
1651    0.013572    0.102968
1652    0.013602    0.102906
1653    0.013977    0.102843
1654    0.013469    0.102781
1655    0.013477    0.102719
1656    0.013411    0.102657
1657    0.014470    0.102595
1658    0.014277    0.102533
1659    0.014975    0.102471
1660    0.014232    0.102410
1661    0.013992    0.102348
1662    0.014146    0.102286
1663    0.013600    0.102225
1664    0.014193    0.102764
1665    0.013991    0.102703
1666    0.014073    0.102641
1667    0.014424    0.102579
1668    0.015086    0.102518
1669    0.015028    0.102457
1670    0.014553    0.102395
1671    0.014397    0.102334
1672    0.013793    0.102273
1673    0.014817    0.102809
1674    0.015396    0.102748
1675    0.015254    0.102687
1676    0.015697    0.102625
1677    0.016024    0.102564
1678    0.016736    0.102503
1679    0.017042    0.102442
1680    0.017046    0.102381
1681    0.017008    0.102320
1682    0.016802    0.102259
1683    0.016398    0.102198
1684    0.016036    0.102138
1685    0.016464    0.102077
1686    0.015668    0.102017
1687    0.014656    0.101956
1688    0.014307    0.101896
1689    0.014851    0.101835
1690    0.015203    0.101775
1691    0.014513    0.101715
1692    0.015014    0.101655
1693    0.015320    0.101595
1694    0.016388    0.101535
1695    0.016316    0.101475
1696    0.015972    0.101415
1697    0.016148    0.101355
1698    0.016238    0.101296
1699    0.016775    0.101236
1700    0.016867    0.101176
1701    0.016710    0.101117
1702    0.016428    0.101058
1703    0.016869    0.100998
1704    0.017256    0.100939
1705    0.017378    0.100880
1706    0.017942    0.100821
1707    0.018184    0.100762
1708    0.018286    0.100703
1709    0.017944    0.100644
1710    0.018096    0.100585
1711    0.017336    0.100526
1712    0.016936    0.100467
1713    0.016302    0.100409
1714    0.016962    0.100933
1715    0.016376    0.100875
1716    0.016416    0.100816
1717    0.015600    0.100757
1718    0.014741    0.100698
1719    0.015171    0.100640
1720    0.015060    0.100581
1721    0.015766    0.101104
1722    0.015656    0.101045
1723    0.015358    0.100987
1724    0.015282    0.100928
1725    0.014934    0.100870
1726    0.015028    0.100811
1727    0.015784    0.100753
1728    0.016105    0.100694
1729    0.016948    0.101215
1730    0.017643    0.101734
1731    0.017820    0.101675
1732    0.017854    0.101617
1733    0.018426    0.102135
1734    0.018479    0.102076
1735    0.018069    0.102017
1736    0.018239    0.101959
1737    0.018818    0.101900
1738    0.019642    0.101841
1739    0.018076    0.101783
1740    0.018500    0.101724
1741    0.018537    0.101666
1742    0.018788    0.101607
1743    0.017674    0.101549
1744    0.017488    0.101491
1745    0.017168    0.101433
1746    0.017614    0.101375
1747    0.017897    0.101317
1748    0.017999    0.101259
1749    0.017873    0.101201
1750    0.016914    0.101143
1751    0.016765    0.101085
1752    0.016252    0.101027
1753    0.016641    0.100970
1754    0.016144    0.100912
1755    0.017153    0.101425
1756    0.017077    0.101367
1757    0.016784    0.101309
1758    0.016580    0.101251
1759    0.016886    0.101194
1760    0.016390    0.101136
1761    0.015296    0.101079
1762    0.015724    0.101022
1763    0.015217    0.100964
1764    0.014719    0.100907
1765    0.014377    0.100850
1766    0.014526    0.100793
1767    0.015173    0.101302
1768    0.014839    0.101244
1769    0.014994    0.101187
1770    0.015312    0.101130
1771    0.015237    0.101073
1772    0.016425    0.101580
1773    0.016095    0.101523
1774    0.015440    0.101466
1775    0.015481    0.101408
1776    0.015820    0.101351
1777    0.015936    0.101294
1778    0.014672    0.101237
1779    0.014023    0.101180
1780    0.012672    0.101124
1781    0.012125    0.101067
1782    0.011217    0.101010
1783    0.011074    0.100953
1784    0.010967    0.100897
1785    0.011156    0.100840
1786    0.011964    0.100784
1787    0.011817    0.100727
1788    0.012852    0.101230
1789    0.013028    0.101174
1790    0.012525    0.101117
1791    0.012815    0.101061
1792    0.012086    0.101004
1793    0.012951    0.101506
1794    0.012889    0.101449
1795    0.013106    0.101393
1796    0.014018    0.101893
1797    0.013759    0.101836
1798    0.013074    0.101780
1799    0.013725    0.101723
1800    0.013851    0.101667
1801    0.013690    0.101610
1802    0.013809    0.101554
1803    0.014247    0.101498
1804    0.014275    0.101441
1805    0.013745    0.101385
1806    0.013540    0.101329
1807    0.013793    0.101273
1808    0.014166    0.101217
1809    0.014479    0.101161
1810    0.014554    0.101105
1811    0.014821    0.101049
1812    0.014518    0.100993
1813    0.015082    0.100938
1814    0.014864    0.100882
1815    0.015526    0.101377
1816    0.015091    0.101322
1817    0.014996    0.101266
1818    0.013999    0.101210
1819    0.013787    0.101154
1820    0.012173    0.101099
1821    0.012420    0.101043
1822    0.011661    0.100988
1823    0.011733    0.100933
1824    0.011769    0.100877
1825    0.011595    0.100822
1826    0.011586    0.100767
1827    0.011518    0.100712
1828    0.010889    0.100656
1829    0.010917    0.100601
1830    0.011000    0.100546
1831    0.011481    0.100492
1832    0.010419    0.100437
1833    0.010753    0.100382
1834    0.010693    0.100327
1835    0.011245    0.100272
1836    0.010968    0.100218
1837    0.010733    0.100163
1838    0.010774    0.100109
1839    0.010855    0.100054
1840    0.011158    0.100000
1841    0.010916    0.099946
1842    0.010826    0.099891
1843    0.010408    0.099837
1844    0.010306    0.099783
1845    0.009179    0.099729
1846    0.008873    0.099675
1847    0.008703    0.099621
1848    0.008632    0.099567
1849    0.008806    0.099513
1850    0.008336    0.099459
1851    0.008719    0.099406
1852    0.009127    0.099892
1853    0.009277    0.099838
1854    0.009709    0.099784
1855    0.009900    0.099730
1856    0.009322    0.099677
1857    0.010256    0.100162
1858    0.010063    0.100108
1859    0.010161    0.100054
1860    0.010601    0.100000
1861    0.010281    0.099946
1862    0.010241    0.099893
1863    0.010998    0.100376
1864    0.011005    0.100322
1865    0.012042    0.100804
1866    0.011718    0.100750
1867    0.011778    0.100696
1868    0.013416    0.101178
1869    0.013961    0.101124
1870    0.014095    0.101070
1871    0.014736    0.101015
1872    0.013844    0.100962
1873    0.013873    0.100908
1874    0.013972    0.100854
1875    0.013506    0.100800
1876    0.013397    0.100746
1877    0.013552    0.100693
1878    0.014270    0.101171
1879    0.014468    0.101118
1880    0.013838    0.101064
1881    0.013922    0.101010
1882    0.014310    0.100956
1883    0.013647    0.100903
1884    0.013274    0.100849
1885    0.012887    0.100796
1886    0.013647    0.100742
1887    0.012869    0.100689
1888    0.013020    0.100636
1889    0.013145    0.100582
1890    0.013311    0.100529
1891    0.014021    0.100476
1892    0.014258    0.100423
1893    0.014360    0.100370
1894    0.015307    0.100845
1895    0.015314    0.100792
1896    0.015309    0.100738
1897    0.014845    0.100685
1898    0.015052    0.100632
1899    0.015438    0.100579
1900    0.015656    0.100526
1901    0.014888    0.100473
1902    0.015136    0.100421
1903    0.015052    0.100368
1904    0.015038    0.100315
1905    0.013588    0.100262
1906    0.013885    0.100210
1907    0.013847    0.100157
1908    0.014586    0.100629
1909    0.014692    0.100576
1910    0.014444    0.100524
1911    0.013837    0.100471
1912    0.013327    0.100418
1913    0.012470    0.100366
1914    0.010934    0.100313
1915    0.010036    0.100261
1916    0.009143    0.100209
1917    0.009051    0.100156
1918    0.008740    0.100104
1919    0.009319    0.100573
1920    0.009280    0.100521
1921    0.009629    0.100469
1922    0.009557    0.100416
1923    0.010094    0.100364
1924    0.011203    0.100832
1925    0.011071    0.100779
1926    0.011343    0.100727
1927    0.011675    0.100675
1928    0.011362    0.100622
1929    0.010831    0.100570
1930    0.009512    0.100518
1931    0.008601    0.100466
1932    0.008024    0.100414
1933    0.007763    0.100362
1934    0.007215    0.100310
1935    0.006497    0.100258
1936    0.006818    0.100207
1937    0.005582    0.100155
1938    0.005727    0.100103
1939    0.005381    0.100052
1940    0.005541    0.100000
1941    0.004015    0.099948
1942    0.004927    0.099897
1943    0.004835    0.099846
1944    0.003642    0.099794
1945    0.003641    0.099743
1946    0.003891    0.099692
1947    0.003832    0.099640
1948    0.004077    0.100103
1949    0.004432    0.100051
1950    0.004041    0.100000
1951    0.003814    0.099949
1952    0.004847    0.100410
1953    0.005265    0.100358
1954    0.005216    0.100307
1955    0.005289    0.100256
1956    0.005179    0.100204
1957    0.005494    0.100153
1958    0.003861    0.100102
1959    0.004084    0.100051
1960    0.004056    0.100000
1961    0.003986    0.099949
1962    0.003362    0.099898
1963    0.003503    0.099847
1964    0.003441    0.099796
1965    0.003960    0.099746
1966    0.004028    0.099695
1967    0.004821    0.099644
1968    0.005260    0.099593
1969    0.004721    0.099543
1970    0.005595    0.100000
1971    0.005480    0.099949
1972    0.005032    0.099899
1973    0.004703    0.099848
1974    0.005363    0.099797
1975    0.004883    0.099747
1976    0.006177    0.100202
1977    0.006418    0.100152
1978    0.006150    0.100101
1979    0.005515    0.100051
1980    0.005418    0.100000
1981    0.005122    0.099950
1982    0.005379    0.099899
1983    0.004181    0.099849
1984    0.004435    0.100302
1985    0.004199    0.100252
1986    0.003604    0.100201
1987    0.003657    0.100151
1988    0.003868    0.100101
1989    0.004082    0.100050
1990    0.004392    0.100000
1991    0.005526    0.100452
1992    0.005780    0.100402
1993    0.006180    0.100351
1994    0.005662    0.100301
1995    0.005887    0.100251
1996    0.005323    0.100200
1997    0.005763    0.100150
1998    0.005295    0.100100
1999    0.006202    0.100550
2000    0.005750    0.100500
2000    0.005750    0.100500
