1    -1.842418    0.000000
2    -0.135781    0.000000
3    -0.064102    0.000000
4    -0.098223    0.000000
5    0.047273    0.000000
6    0.176194    0.000000
7    0.139568    0.000000
8    0.334769    0.125000
9    0.392618    0.111111
10    0.363666    0.100000
11    0.391509    0.090909
12    0.259957    0.083333
13    0.128526    0.076923
14    0.052090    0.071429
15    -0.019782    0.066667
16    0.002247    0.062500
17    -0.002993    0.058824
18    -0.002620    0.055556
19    0.011429    0.052632
20    0.039326    0.050000
21    0.032469    0.047619
22    0.070369    0.045455
23    0.068557    0.043478
24    0.095715    0.041667
25    0.107226    0.040000
26    0.023780    0.038462
27    -0.004043    0.037037
28    -0.017447    0.035714
29    -0.008678    0.034483
30    -0.027693    0.033333
31    0.010522    0.032258
32    0.012201    0.031250
33    0.034711    0.030303
34    0.093953    0.058824
35    0.090857    0.057143
36    0.100822    0.055556
37    0.105841    0.081081
38    0.105201    0.078947
39    0.123979    0.076923
40    0.110218    0.075000
41    0.080209    0.073171
42    0.075821    0.071429
43    0.088183    0.069767
44    0.087463    0.068182
45    0.077730    0.066667
46    0.035817    0.065217
47    0.031588    0.063830
48    0.027839    0.062500
49    0.025905    0.061224
50    0.058045    0.080000
51    0.050479    0.078431
52    0.038572    0.076923
53    0.059578    0.075472
54    0.074289    0.074074
55    0.054361    0.072727
56    0.033041    0.071429
57    0.038550    0.070175
58    0.064080    0.086207
59    0.069492    0.084746
60    0.071967    0.083333
61    0.061492    0.081967
62    0.108766    0.096774
63    0.088900    0.095238
64    0.064736    0.093750
65    0.063322    0.092308
66    0.055531    0.090909
67    0.047372    0.089552
68    0.060303    0.088235
69    0.072058    0.086957
70    0.069740    0.085714
71    0.064277    0.084507
72    0.060307    0.083333
73    0.048222    0.082192
74    0.058602    0.081081
75    0.047064    0.080000
76    0.052059    0.078947
77    0.051562    0.077922
78    0.058679    0.076923
79    0.077426    0.075949
80    0.082208    0.075000
81    0.066637    0.074074
82    0.055975    0.073171
83    0.044344    0.072289
84    0.041259    0.071429
85    0.042246    0.070588
86    0.046593    0.069767
87    0.038815    0.068966
88    0.032145    0.068182
89    0.025483    0.067416
90    0.025538    0.066667
91    0.019662    0.065934
92    0.034285    0.065217
93    0.030861    0.064516
94    0.037629    0.063830
95    0.037978    0.063158
96    0.042491    0.062500
97    0.053476    0.072165
98    0.049641    0.071429
99    0.062753    0.080808
100    0.066695    0.080000
101    0.064711    0.079208
102    0.072305    0.078431
103    0.072536    0.077670
104    0.053112    0.076923
105    0.044886    0.076190
106    0.059907    0.075472
107    0.054584    0.074766
108    0.057303    0.074074
109    0.059042    0.073394
110    0.061745    0.072727
111    0.068297    0.081081
112    0.078519    0.080357
113    0.078637    0.079646
114    0.079559    0.078947
115    0.077977    0.078261
116    0.080857    0.077586
117    0.074790    0.076923
118    0.068874    0.076271
119    0.059912    0.075630
120    0.067325    0.075000
121    0.064429    0.074380
122    0.060692    0.073770
123    0.068395    0.073171
124    0.074312    0.072581
125    0.083962    0.072000
126    0.079658    0.071429
127    0.077686    0.070866
128    0.085368    0.070312
129    0.091167    0.069767
130    0.090833    0.069231
131    0.102651    0.076336
132    0.095644    0.075758
133    0.095071    0.075188
134    0.087594    0.074627
135    0.097217    0.074074
136    0.088787    0.073529
137    0.087475    0.072993
138    0.080608    0.072464
139    0.079256    0.071942
140    0.081499    0.071429
141    0.077292    0.070922
142    0.081809    0.070423
143    0.082208    0.069930
144    0.082847    0.069444
145    0.092403    0.068966
146    0.086693    0.068493
147    0.077945    0.068027
148    0.082122    0.067568
149    0.077483    0.067114
150    0.074174    0.066667
151    0.074833    0.066225
152    0.082334    0.065789
153    0.083233    0.065359
154    0.093413    0.064935
155    0.093703    0.064516
156    0.096920    0.064103
157    0.104942    0.063694
158    0.110418    0.063291
159    0.116599    0.062893
160    0.115948    0.062500
161    0.111713    0.062112
162    0.103094    0.061728
163    0.107417    0.067485
164    0.112768    0.067073
165    0.113778    0.066667
166    0.114077    0.066265
167    0.115006    0.065868
168    0.110037    0.065476
169    0.104446    0.065089
170    0.103710    0.064706
171    0.106358    0.064327
172    0.111921    0.063953
173    0.119737    0.063584
174    0.109448    0.063218
175    0.111469    0.062857
176    0.108601    0.062500
177    0.114637    0.067797
178    0.120618    0.067416
179    0.124446    0.067039
180    0.124835    0.066667
181    0.124340    0.066298
182    0.130576    0.071429
183    0.125141    0.071038
184    0.130508    0.076087
185    0.120934    0.075676
186    0.115234    0.075269
187    0.121235    0.080214
188    0.125946    0.079787
189    0.118028    0.079365
190    0.115931    0.078947
191    0.111634    0.078534
192    0.107445    0.078125
193    0.104198    0.077720
194    0.098027    0.077320
195    0.103163    0.082051
196    0.108898    0.081633
197    0.110577    0.081218
198    0.112881    0.080808
199    0.118606    0.080402
200    0.111916    0.080000
201    0.114138    0.079602
202    0.121248    0.079208
203    0.115095    0.078818
204    0.115142    0.078431
205    0.112140    0.078049
206    0.113367    0.077670
207    0.106450    0.077295
208    0.103760    0.076923
209    0.100473    0.076555
210    0.104087    0.076190
211    0.103143    0.075829
212    0.104645    0.075472
213    0.104522    0.075117
214    0.105364    0.074766
215    0.102046    0.074419
216    0.102825    0.074074
217    0.101734    0.073733
218    0.103130    0.073394
219    0.100756    0.073059
220    0.098118    0.072727
221    0.101152    0.072398
222    0.101997    0.072072
223    0.101586    0.071749
224    0.100173    0.071429
225    0.109416    0.075556
226    0.109977    0.075221
227    0.113189    0.074890
228    0.117115    0.074561
229    0.117167    0.074236
230    0.119810    0.073913
231    0.116401    0.073593
232    0.116361    0.073276
233    0.110973    0.072961
234    0.115727    0.076923
235    0.116693    0.076596
236    0.110887    0.076271
237    0.102727    0.075949
238    0.105163    0.075630
239    0.106587    0.075314
240    0.110281    0.075000
241    0.111911    0.074689
242    0.112096    0.074380
243    0.111382    0.074074
244    0.104263    0.073770
245    0.098165    0.073469
246    0.096344    0.073171
247    0.092707    0.072874
248    0.084991    0.072581
249    0.083486    0.072289
250    0.081893    0.072000
251    0.082026    0.071713
252    0.081374    0.071429
253    0.076553    0.071146
254    0.075300    0.070866
255    0.074348    0.070588
256    0.079896    0.074219
257    0.080304    0.073930
258    0.082816    0.073643
259    0.077451    0.073359
260    0.072299    0.073077
261    0.074532    0.072797
262    0.068764    0.072519
263    0.067077    0.072243
264    0.065031    0.071970
265    0.064842    0.071698
266    0.062359    0.071429
267    0.067053    0.071161
268    0.071124    0.070896
269    0.076498    0.074349
270    0.081452    0.074074
271    0.083472    0.073801
272    0.080592    0.073529
273    0.075703    0.073260
274    0.087865    0.076642
275    0.090995    0.076364
276    0.097153    0.079710
277    0.096152    0.079422
278    0.100159    0.079137
279    0.104498    0.078853
280    0.108595    0.082143
281    0.114279    0.085409
282    0.115910    0.085106
283    0.123853    0.088339
284    0.117843    0.088028
285    0.120057    0.087719
286    0.121281    0.087413
287    0.122179    0.087108
288    0.124812    0.086806
289    0.115894    0.086505
290    0.120461    0.086207
291    0.119022    0.085911
292    0.120533    0.085616
293    0.124472    0.088737
294    0.125711    0.088435
295    0.123697    0.088136
296    0.124705    0.087838
297    0.123035    0.087542
298    0.121770    0.087248
299    0.124074    0.086957
300    0.126015    0.086667
301    0.125452    0.086379
302    0.123523    0.086093
303    0.122881    0.085809
304    0.127943    0.088816
305    0.125328    0.088525
306    0.131951    0.091503
307    0.137757    0.094463
308    0.136934    0.094156
309    0.133295    0.093851
310    0.129216    0.093548
311    0.125658    0.093248
312    0.125415    0.092949
313    0.127015    0.092652
314    0.128182    0.092357
315    0.126611    0.092063
316    0.124399    0.091772
317    0.125168    0.091483
318    0.123977    0.091195
319    0.122815    0.090909
320    0.126329    0.090625
321    0.124731    0.090343
322    0.125933    0.090062
323    0.125508    0.089783
324    0.123080    0.089506
325    0.124173    0.089231
326    0.128607    0.088957
327    0.131055    0.088685
328    0.127702    0.088415
329    0.125538    0.088146
330    0.125267    0.087879
331    0.121663    0.087613
332    0.122245    0.087349
333    0.120704    0.087087
334    0.118569    0.086826
335    0.110590    0.086567
336    0.114848    0.089286
337    0.116772    0.089021
338    0.114448    0.088757
339    0.114506    0.088496
340    0.117728    0.088235
341    0.120395    0.087977
342    0.123052    0.090643
343    0.122138    0.090379
344    0.124728    0.090116
345    0.125586    0.089855
346    0.122809    0.089595
347    0.123173    0.089337
348    0.122747    0.089080
349    0.122587    0.088825
350    0.124852    0.088571
351    0.122991    0.088319
352    0.125289    0.090909
353    0.125582    0.090652
354    0.124908    0.090395
355    0.129370    0.090141
356    0.126138    0.089888
357    0.128690    0.092437
358    0.130424    0.094972
359    0.131045    0.094708
360    0.128148    0.094444
361    0.129090    0.094183
362    0.126426    0.093923
363    0.126763    0.093664
364    0.123418    0.093407
365    0.127231    0.095890
366    0.124752    0.095628
367    0.125119    0.095368
368    0.127397    0.095109
369    0.123708    0.094851
370    0.127463    0.097297
371    0.124333    0.097035
372    0.121698    0.096774
373    0.118836    0.096515
374    0.119372    0.096257
375    0.120511    0.096000
376    0.118206    0.095745
377    0.117641    0.095491
378    0.120222    0.095238
379    0.116643    0.094987
380    0.116544    0.094737
381    0.109618    0.094488
382    0.108613    0.094241
383    0.106550    0.093995
384    0.106986    0.093750
385    0.109256    0.093506
386    0.105272    0.093264
387    0.107401    0.095607
388    0.109690    0.095361
389    0.110413    0.095116
390    0.111723    0.097436
391    0.109889    0.097187
392    0.107055    0.096939
393    0.106394    0.096692
394    0.111000    0.098985
395    0.109140    0.098734
396    0.101499    0.098485
397    0.101544    0.098237
398    0.099698    0.097990
399    0.096584    0.097744
400    0.093059    0.097500
401    0.099321    0.099751
402    0.097289    0.099502
403    0.098481    0.099256
404    0.095024    0.099010
405    0.096916    0.098765
406    0.095696    0.098522
407    0.097639    0.098280
408    0.095257    0.098039
409    0.092973    0.097800
410    0.087880    0.097561
411    0.088808    0.097324
412    0.087944    0.097087
413    0.087961    0.096852
414    0.089009    0.096618
415    0.092506    0.096386
416    0.092962    0.096154
417    0.093136    0.095923
418    0.091446    0.095694
419    0.091146    0.095465
420    0.092565    0.095238
421    0.091875    0.095012
422    0.089566    0.094787
423    0.091181    0.094563
424    0.091100    0.094340
425    0.090585    0.094118
426    0.091277    0.093897
427    0.091050    0.093677
428    0.087884    0.093458
429    0.088582    0.093240
430    0.088467    0.093023
431    0.090937    0.095128
432    0.093066    0.094907
433    0.090781    0.094688
434    0.090189    0.094470
435    0.091644    0.094253
436    0.090278    0.094037
437    0.095788    0.096110
438    0.094572    0.095890
439    0.095327    0.095672
440    0.096762    0.095455
441    0.096819    0.095238
442    0.096978    0.095023
443    0.099446    0.097065
444    0.099819    0.096847
445    0.099978    0.096629
446    0.099136    0.096413
447    0.099660    0.096197
448    0.097951    0.095982
449    0.100872    0.095768
450    0.101712    0.095556
451    0.101295    0.095344
452    0.102092    0.095133
453    0.100856    0.094923
454    0.100165    0.094714
455    0.100171    0.094505
456    0.103306    0.096491
457    0.104514    0.096280
458    0.101755    0.096070
459    0.099901    0.095861
460    0.097965    0.095652
461    0.094761    0.095445
462    0.096698    0.095238
463    0.092942    0.095032
464    0.091305    0.094828
465    0.090349    0.094624
466    0.089132    0.094421
467    0.089832    0.094218
468    0.090177    0.094017
469    0.090916    0.093817
470    0.095736    0.095745
471    0.095672    0.095541
472    0.094754    0.095339
473    0.095912    0.095137
474    0.094593    0.094937
475    0.096944    0.094737
476    0.093655    0.094538
477    0.092689    0.094340
478    0.094210    0.094142
479    0.097158    0.093946
480    0.096883    0.093750
481    0.094657    0.093555
482    0.094991    0.093361
483    0.093626    0.093168
484    0.095608    0.092975
485    0.094286    0.092784
486    0.092388    0.092593
487    0.094706    0.092402
488    0.095475    0.092213
489    0.090493    0.092025
490    0.092616    0.093878
491    0.088785    0.093686
492    0.087865    0.093496
493    0.088848    0.093306
494    0.089981    0.093117
495    0.084696    0.092929
496    0.086258    0.092742
497    0.083441    0.092555
498    0.082970    0.092369
499    0.084226    0.092184
500    0.084063    0.092000
501    0.083299    0.091816
502    0.083358    0.091633
503    0.083164    0.091451
504    0.084620    0.093254
505    0.084514    0.093069
506    0.084016    0.092885
507    0.086419    0.092702
508    0.087047    0.092520
509    0.087024    0.092338
510    0.085827    0.092157
511    0.087422    0.091977
512    0.089145    0.091797
513    0.091300    0.093567
514    0.091458    0.093385
515    0.090233    0.093204
516    0.090088    0.093023
517    0.089099    0.092843
518    0.092069    0.094595
519    0.091111    0.094412
520    0.089703    0.094231
521    0.091234    0.094050
522    0.092308    0.093870
523    0.092390    0.093690
524    0.094747    0.095420
525    0.096451    0.095238
526    0.100011    0.096958
527    0.096068    0.096774
528    0.094658    0.096591
529    0.092660    0.096408
530    0.091914    0.096226
531    0.092721    0.096045
532    0.092302    0.095865
533    0.091066    0.095685
534    0.090637    0.095506
535    0.092004    0.097196
536    0.092975    0.097015
537    0.095390    0.096834
538    0.096156    0.096654
539    0.093658    0.096475
540    0.092609    0.096296
541    0.093803    0.096118
542    0.092044    0.095941
543    0.091686    0.095764
544    0.094251    0.095588
545    0.093050    0.095413
546    0.090144    0.095238
547    0.087769    0.095064
548    0.091201    0.096715
549    0.090871    0.096539
550    0.092699    0.098182
551    0.093866    0.098004
552    0.091844    0.097826
553    0.092050    0.097649
554    0.092502    0.097473
555    0.091390    0.097297
556    0.087745    0.097122
557    0.085453    0.096948
558    0.082698    0.096774
559    0.079544    0.096601
560    0.079883    0.096429
561    0.081313    0.096257
562    0.084358    0.096085
563    0.084910    0.095915
564    0.085325    0.095745
565    0.083834    0.095575
566    0.083836    0.095406
567    0.084547    0.095238
568    0.083574    0.095070
569    0.083154    0.094903
570    0.085411    0.096491
571    0.087039    0.096322
572    0.086153    0.096154
573    0.084336    0.095986
574    0.083751    0.095819
575    0.083737    0.095652
576    0.086496    0.097222
577    0.084970    0.097054
578    0.085702    0.096886
579    0.086318    0.096718
580    0.086940    0.096552
581    0.085844    0.096386
582    0.083747    0.096220
583    0.082460    0.096055
584    0.082313    0.095890
585    0.083475    0.095726
586    0.084312    0.095563
587    0.082525    0.095400
588    0.081851    0.095238
589    0.086105    0.096774
590    0.087458    0.096610
591    0.087787    0.096447
592    0.093194    0.097973
593    0.094227    0.097808
594    0.092281    0.097643
595    0.094394    0.099160
596    0.095638    0.098993
597    0.096345    0.098827
598    0.098820    0.098662
599    0.096130    0.098497
600    0.096247    0.098333
601    0.095501    0.098170
602    0.094170    0.098007
603    0.093692    0.097844
604    0.092682    0.097682
605    0.088412    0.097521
606    0.086467    0.097360
607    0.084637    0.097199
608    0.084450    0.097039
609    0.085560    0.096880
610    0.087959    0.096721
611    0.088460    0.096563
612    0.088161    0.096405
613    0.087264    0.096248
614    0.089460    0.097720
615    0.090732    0.097561
616    0.090384    0.097403
617    0.087910    0.097245
618    0.088832    0.097087
619    0.090056    0.096931
620    0.090228    0.096774
621    0.090588    0.098229
622    0.090669    0.098071
623    0.091777    0.097913
624    0.090260    0.097756
625    0.089186    0.097600
626    0.090490    0.097444
627    0.095218    0.098884
628    0.094949    0.098726
629    0.093248    0.098569
630    0.094944    0.100000
631    0.093667    0.099842
632    0.095411    0.099684
633    0.096114    0.099526
634    0.097981    0.099369
635    0.098139    0.099213
636    0.097121    0.099057
637    0.096804    0.098901
638    0.098076    0.100313
639    0.096798    0.100156
640    0.096211    0.100000
641    0.098034    0.099844
642    0.100853    0.101246
643    0.098309    0.101089
644    0.098239    0.100932
645    0.097945    0.100775
646    0.097358    0.100619
647    0.096399    0.100464
648    0.097227    0.100309
649    0.097001    0.100154
650    0.095466    0.100000
651    0.092948    0.099846
652    0.092404    0.099693
653    0.092260    0.099541
654    0.093394    0.099388
655    0.093010    0.099237
656    0.094007    0.099085
657    0.094034    0.098935
658    0.094775    0.098784
659    0.094686    0.098634
660    0.093333    0.098485
661    0.094036    0.098336
662    0.092338    0.098187
663    0.087921    0.098039
664    0.089881    0.099398
665    0.092345    0.100752
666    0.091977    0.100601
667    0.091290    0.100450
668    0.092818    0.101796
669    0.091032    0.101644
670    0.091222    0.101493
671    0.092275    0.101341
672    0.097615    0.102679
673    0.096737    0.102526
674    0.097274    0.102374
675    0.097230    0.102222
676    0.097466    0.102071
677    0.097790    0.101920
678    0.097741    0.101770
679    0.099143    0.101620
680    0.100728    0.101471
681    0.102161    0.101322
682    0.101895    0.101173
683    0.102525    0.101025
684    0.101434    0.100877
685    0.102536    0.102190
686    0.103042    0.102041
687    0.104097    0.101892
688    0.106088    0.103198
689    0.103184    0.103048
690    0.104055    0.104348
691    0.106408    0.105644
692    0.108324    0.106936
693    0.108223    0.106782
694    0.107388    0.106628
695    0.107719    0.106475
696    0.108398    0.106322
697    0.108581    0.106169
698    0.106250    0.106017
699    0.104895    0.105866
700    0.103810    0.105714
701    0.105969    0.106990
702    0.108785    0.108262
703    0.108705    0.108108
704    0.106957    0.107955
705    0.105656    0.107801
706    0.104206    0.107649
707    0.105384    0.107496
708    0.106540    0.107345
709    0.105677    0.107193
710    0.105723    0.107042
711    0.105704    0.106892
712    0.105385    0.106742
713    0.104845    0.106592
714    0.106435    0.106443
715    0.107611    0.106294
716    0.107310    0.106145
717    0.107879    0.105997
718    0.108599    0.105850
719    0.109392    0.105702
720    0.107492    0.105556
721    0.108315    0.106796
722    0.110094    0.108033
723    0.112535    0.107884
724    0.113446    0.107735
725    0.113462    0.107586
726    0.114597    0.108815
727    0.113870    0.108666
728    0.113373    0.108516
729    0.114376    0.108368
730    0.111876    0.108219
731    0.113927    0.109439
732    0.112951    0.109290
733    0.111125    0.109141
734    0.109649    0.108992
735    0.109166    0.108844
736    0.109125    0.108696
737    0.107856    0.108548
738    0.106937    0.108401
739    0.104817    0.108254
740    0.106317    0.108108
741    0.107204    0.107962
742    0.106328    0.107817
743    0.105224    0.107672
744    0.103507    0.107527
745    0.103686    0.107383
746    0.102811    0.107239
747    0.104090    0.108434
748    0.104035    0.108289
749    0.104209    0.108144
750    0.103620    0.108000
751    0.104538    0.107856
752    0.104620    0.107713
753    0.107246    0.108898
754    0.107849    0.108753
755    0.108710    0.108609
756    0.107601    0.108466
757    0.106080    0.108322
758    0.105431    0.108179
759    0.106509    0.108037
760    0.105352    0.107895
761    0.104412    0.107753
762    0.104529    0.107612
763    0.104435    0.107471
764    0.103934    0.107330
765    0.101862    0.107190
766    0.101293    0.107050
767    0.100900    0.106910
768    0.098940    0.106771
769    0.099240    0.106632
770    0.099699    0.106494
771    0.100514    0.106355
772    0.101608    0.106218
773    0.101034    0.106080
774    0.103401    0.107235
775    0.101206    0.107097
776    0.100758    0.106959
777    0.100729    0.106821
778    0.099505    0.106684
779    0.098447    0.106547
780    0.099533    0.106410
781    0.099257    0.106274
782    0.098484    0.106138
783    0.099555    0.106003
784    0.099303    0.105867
785    0.099318    0.105732
786    0.096669    0.105598
787    0.096931    0.105464
788    0.098671    0.105330
789    0.098159    0.105196
790    0.097036    0.105063
791    0.096828    0.104930
792    0.097486    0.104798
793    0.098294    0.104666
794    0.098607    0.104534
795    0.099770    0.104403
796    0.101624    0.105528
797    0.102506    0.105395
798    0.101415    0.105263
799    0.101103    0.105131
800    0.101026    0.105000
801    0.100979    0.104869
802    0.100798    0.104738
803    0.101120    0.104608
804    0.100450    0.104478
805    0.101619    0.104348
806    0.101625    0.104218
807    0.102123    0.105328
808    0.102047    0.105198
809    0.101720    0.105068
810    0.102899    0.104938
811    0.101452    0.104809
812    0.103983    0.105911
813    0.104461    0.105781
814    0.103246    0.105651
815    0.104270    0.105521
816    0.105089    0.105392
817    0.104970    0.105263
818    0.104987    0.105134
819    0.104882    0.105006
820    0.104577    0.104878
821    0.105372    0.104750
822    0.106145    0.104623
823    0.106978    0.104496
824    0.106456    0.104369
825    0.106058    0.104242
826    0.106936    0.104116
827    0.108311    0.103990
828    0.104153    0.103865
829    0.102689    0.103739
830    0.100873    0.103614
831    0.100869    0.103490
832    0.100901    0.103365
833    0.103574    0.104442
834    0.103326    0.104317
835    0.102279    0.104192
836    0.100347    0.104067
837    0.101445    0.105137
838    0.101479    0.105012
839    0.099561    0.104887
840    0.101631    0.105952
841    0.105289    0.107015
842    0.103740    0.106888
843    0.102676    0.106762
844    0.104406    0.107820
845    0.104547    0.107692
846    0.105084    0.108747
847    0.104311    0.108619
848    0.101959    0.108491
849    0.103268    0.109541
850    0.101992    0.109412
851    0.100975    0.109283
852    0.101169    0.109155
853    0.099462    0.109027
854    0.100397    0.108899
855    0.099314    0.108772
856    0.098792    0.108645
857    0.098234    0.108518
858    0.097834    0.108392
859    0.097303    0.108265
860    0.097151    0.108140
861    0.097788    0.108014
862    0.096204    0.107889
863    0.096546    0.107764
864    0.097449    0.107639
865    0.095884    0.107514
866    0.095154    0.107390
867    0.094155    0.107266
868    0.091834    0.107143
869    0.089836    0.107020
870    0.088452    0.106897
871    0.086277    0.106774
872    0.085022    0.106651
873    0.083943    0.106529
874    0.086218    0.106407
875    0.085527    0.106286
876    0.084977    0.106164
877    0.084255    0.106043
878    0.084106    0.105923
879    0.083399    0.105802
880    0.083798    0.105682
881    0.086187    0.105562
882    0.084947    0.105442
883    0.083399    0.105323
884    0.084383    0.105204
885    0.082893    0.105085
886    0.082330    0.104966
887    0.083213    0.104848
888    0.082316    0.104730
889    0.083729    0.105737
890    0.082899    0.105618
891    0.083167    0.105499
892    0.080511    0.105381
893    0.080376    0.105263
894    0.079057    0.105145
895    0.079387    0.105028
896    0.080468    0.104911
897    0.079149    0.104794
898    0.079397    0.104677
899    0.080861    0.104561
900    0.080399    0.104444
901    0.080416    0.104329
902    0.081259    0.104213
903    0.082839    0.104097
904    0.083520    0.103982
905    0.083388    0.103867
906    0.082257    0.103753
907    0.081810    0.103638
908    0.083308    0.103524
909    0.082535    0.103410
910    0.082430    0.103297
911    0.083095    0.103183
912    0.083977    0.103070
913    0.084291    0.102957
914    0.084512    0.102845
915    0.085544    0.102732
916    0.085613    0.102620
917    0.087432    0.103599
918    0.088357    0.103486
919    0.088371    0.103373
920    0.086828    0.103261
921    0.086580    0.103149
922    0.084756    0.103037
923    0.084384    0.102925
924    0.083679    0.102814
925    0.084773    0.102703
926    0.086231    0.102592
927    0.086290    0.102481
928    0.085121    0.102371
929    0.085475    0.102260
930    0.087420    0.103226
931    0.087122    0.103115
932    0.086900    0.103004
933    0.086863    0.102894
934    0.086461    0.102784
935    0.087071    0.102674
936    0.087084    0.102564
937    0.085821    0.102455
938    0.086046    0.102345
939    0.085233    0.102236
940    0.084283    0.102128
941    0.084672    0.102019
942    0.085076    0.101911
943    0.084644    0.101803
944    0.084302    0.101695
945    0.084749    0.101587
946    0.085424    0.101480
947    0.083233    0.101373
948    0.082033    0.101266
949    0.082426    0.101159
950    0.082415    0.101053
951    0.082943    0.100946
952    0.084325    0.100840
953    0.083753    0.100735
954    0.085780    0.100629
955    0.087335    0.100524
956    0.087760    0.100418
957    0.088837    0.100313
958    0.087882    0.100209
959    0.087791    0.100104
960    0.087402    0.100000
961    0.088731    0.100937
962    0.087977    0.100832
963    0.089570    0.100727
964    0.089541    0.100622
965    0.089435    0.100518
966    0.088429    0.100414
967    0.088878    0.100310
968    0.086729    0.100207
969    0.086146    0.100103
970    0.084804    0.100000
971    0.085709    0.100927
972    0.084083    0.100823
973    0.085650    0.100719
974    0.085499    0.100616
975    0.084933    0.100513
976    0.084793    0.100410
977    0.085378    0.100307
978    0.085217    0.100204
979    0.084598    0.100102
980    0.084750    0.100000
981    0.084521    0.099898
982    0.081258    0.099796
983    0.080486    0.099695
984    0.080152    0.099593
985    0.079847    0.099492
986    0.079450    0.099391
987    0.080630    0.099291
988    0.079121    0.099190
989    0.080305    0.100101
990    0.076163    0.100000
991    0.076594    0.099899
992    0.075975    0.099798
993    0.076683    0.099698
994    0.075880    0.099598
995    0.076589    0.099497
996    0.076945    0.099398
997    0.077440    0.099298
998    0.079281    0.100200
999    0.078149    0.100100
1000    0.079377    0.100000
1001    0.077703    0.099900
1002    0.077072    0.099800
1003    0.075314    0.099701
1004    0.074413    0.099602
1005    0.073774    0.099502
1006    0.072186    0.099404
1007    0.071361    0.099305
1008    0.070688    0.099206
1009    0.070803    0.099108
1010    0.072224    0.099010
1011    0.072417    0.098912
1012    0.072814    0.098814
1013    0.072363    0.098717
1014    0.070881    0.098619
1015    0.073277    0.099507
1016    0.073529    0.099409
1017    0.073363    0.099312
1018    0.074049    0.099214
1019    0.073565    0.099117
1020    0.073779    0.099020
1021    0.073297    0.098923
1022    0.071818    0.098826
1023    0.072600    0.098729
1024    0.073723    0.098633
1025    0.074074    0.098537
1026    0.074538    0.098441
1027    0.074837    0.098345
1028    0.074358    0.098249
1029    0.074402    0.098154
1030    0.074938    0.098058
1031    0.074916    0.097963
1032    0.075571    0.097868
1033    0.076031    0.097773
1034    0.077394    0.097679
1035    0.077740    0.097585
1036    0.079857    0.098456
1037    0.078778    0.098361
1038    0.078620    0.098266
1039    0.078352    0.098171
1040    0.077194    0.098077
1041    0.077304    0.097983
1042    0.077379    0.097889
1043    0.076570    0.097795
1044    0.075530    0.097701
1045    0.073485    0.097608
1046    0.074007    0.097514
1047    0.076119    0.098376
1048    0.075528    0.098282
1049    0.074635    0.098189
1050    0.074641    0.098095
1051    0.073099    0.098002
1052    0.074443    0.098859
1053    0.074125    0.098765
1054    0.073644    0.098672
1055    0.072668    0.098578
1056    0.072471    0.098485
1057    0.072067    0.098392
1058    0.072918    0.098299
1059    0.074421    0.099150
1060    0.073784    0.099057
1061    0.073792    0.098963
1062    0.073703    0.098870
1063    0.073562    0.098777
1064    0.073016    0.098684
1065    0.073967    0.098592
1066    0.072729    0.098499
1067    0.073063    0.098407
1068    0.073146    0.098315
1069    0.072569    0.098223
1070    0.071453    0.098131
1071    0.069602    0.098039
1072    0.069772    0.097948
1073    0.070105    0.097856
1074    0.070286    0.097765
1075    0.069697    0.097674
1076    0.069257    0.097584
1077    0.069058    0.097493
1078    0.069565    0.097403
1079    0.069215    0.097312
1080    0.069866    0.097222
1081    0.070100    0.097132
1082    0.070065    0.097043
1083    0.069457    0.096953
1084    0.068505    0.096863
1085    0.067861    0.096774
1086    0.065788    0.096685
1087    0.064550    0.096596
1088    0.064005    0.096507
1089    0.062649    0.096419
1090    0.061755    0.096330
1091    0.062451    0.096242
1092    0.061651    0.096154
1093    0.060072    0.096066
1094    0.061341    0.096892
1095    0.061408    0.096804
1096    0.063236    0.097628
1097    0.064679    0.098450
1098    0.064798    0.098361
1099    0.065202    0.098271
1100    0.066343    0.099091
1101    0.065538    0.099001
1102    0.063107    0.098911
1103    0.063814    0.098821
1104    0.063382    0.098732
1105    0.064432    0.099548
1106    0.063905    0.099458
1107    0.065022    0.099368
1108    0.065620    0.099278
1109    0.066063    0.099188
1110    0.063874    0.099099
1111    0.063590    0.099010
1112    0.063924    0.098921
1113    0.063922    0.098832
1114    0.063890    0.098743
1115    0.062183    0.098655
1116    0.059500    0.098566
1117    0.060100    0.098478
1118    0.059236    0.098390
1119    0.060314    0.099196
1120    0.059405    0.099107
1121    0.059687    0.099019
1122    0.059112    0.098930
1123    0.059423    0.098842
1124    0.058462    0.098754
1125    0.058853    0.098667
1126    0.057739    0.098579
1127    0.057222    0.098492
1128    0.056047    0.098404
1129    0.055916    0.098317
1130    0.056520    0.099115
1131    0.057175    0.099027
1132    0.055645    0.098940
1133    0.056751    0.098853
1134    0.055617    0.098765
1135    0.055713    0.098678
1136    0.054597    0.098592
1137    0.053264    0.098505
1138    0.052559    0.098418
1139    0.052907    0.098332
1140    0.051517    0.098246
1141    0.051180    0.098160
1142    0.050982    0.098074
1143    0.052127    0.097988
1144    0.051368    0.097902
1145    0.050501    0.097817
1146    0.049338    0.097731
1147    0.049400    0.097646
1148    0.049232    0.097561
1149    0.048043    0.097476
1150    0.048550    0.097391
1151    0.049350    0.097307
1152    0.050416    0.097222
1153    0.048883    0.097138
1154    0.047616    0.097054
1155    0.047456    0.096970
1156    0.047437    0.096886
1157    0.046085    0.096802
1158    0.046191    0.096718
1159    0.045480    0.096635
1160    0.046193    0.096552
1161    0.045583    0.096469
1162    0.045911    0.096386
1163    0.046802    0.096303
1164    0.047116    0.096220
1165    0.047953    0.096137
1166    0.048345    0.096055
1167    0.049447    0.095973
1168    0.049601    0.095890
1169    0.049443    0.095808
1170    0.050111    0.095726
1171    0.050552    0.095645
1172    0.050701    0.095563
1173    0.050317    0.095482
1174    0.050442    0.095400
1175    0.051699    0.095319
1176    0.052827    0.095238
1177    0.052964    0.095157
1178    0.052686    0.095076
1179    0.052754    0.094996
1180    0.052144    0.094915
1181    0.051604    0.094835
1182    0.052696    0.094755
1183    0.053102    0.094675
1184    0.053212    0.094595
1185    0.052156    0.094515
1186    0.051945    0.094435
1187    0.052756    0.094356
1188    0.051064    0.094276
1189    0.050728    0.094197
1190    0.050700    0.094118
1191    0.050832    0.094039
1192    0.050420    0.093960
1193    0.050835    0.093881
1194    0.049201    0.093802
1195    0.049159    0.093724
1196    0.050718    0.094482
1197    0.049235    0.094403
1198    0.047373    0.094324
1199    0.048101    0.094245
1200    0.049471    0.094167
1201    0.048515    0.094088
1202    0.048176    0.094010
1203    0.048342    0.093932
1204    0.049008    0.093854
1205    0.048491    0.093776
1206    0.048586    0.093698
1207    0.048525    0.093621
1208    0.049250    0.094371
1209    0.048438    0.094293
1210    0.049369    0.095041
1211    0.047631    0.094963
1212    0.048314    0.094884
1213    0.047307    0.094806
1214    0.047510    0.094728
1215    0.046967    0.094650
1216    0.047366    0.094572
1217    0.047302    0.094495
1218    0.046799    0.094417
1219    0.047165    0.094340
1220    0.048149    0.094262
1221    0.048402    0.094185
1222    0.049568    0.094926
1223    0.049967    0.094849
1224    0.049273    0.094771
1225    0.048933    0.094694
1226    0.050364    0.095432
1227    0.049487    0.095355
1228    0.049780    0.095277
1229    0.049910    0.095199
1230    0.049975    0.095122
1231    0.049471    0.095045
1232    0.048532    0.094968
1233    0.048876    0.094891
1234    0.048564    0.094814
1235    0.050075    0.095547
1236    0.049645    0.095469
1237    0.049844    0.095392
1238    0.050665    0.095315
1239    0.052200    0.096045
1240    0.051926    0.095968
1241    0.052155    0.095890
1242    0.051765    0.095813
1243    0.051266    0.095736
1244    0.049866    0.095659
1245    0.049704    0.095582
1246    0.050033    0.095506
1247    0.050120    0.095429
1248    0.050685    0.095353
1249    0.051452    0.095276
1250    0.051318    0.095200
1251    0.051471    0.095124
1252    0.051205    0.095048
1253    0.052645    0.095770
1254    0.051366    0.095694
1255    0.050658    0.095618
1256    0.049430    0.095541
1257    0.048688    0.095465
1258    0.048871    0.095390
1259    0.048580    0.095314
1260    0.047307    0.095238
1261    0.047887    0.095163
1262    0.048905    0.095880
1263    0.049407    0.095804
1264    0.048687    0.095728
1265    0.048270    0.095652
1266    0.045779    0.095577
1267    0.045361    0.095501
1268    0.046022    0.095426
1269    0.045465    0.095351
1270    0.045344    0.095276
1271    0.044045    0.095201
1272    0.042967    0.095126
1273    0.043883    0.095051
1274    0.042605    0.094976
1275    0.041299    0.094902
1276    0.040737    0.094828
1277    0.040073    0.094753
1278    0.040164    0.094679
1279    0.040646    0.094605
1280    0.042064    0.095312
1281    0.040783    0.095238
1282    0.042129    0.095944
1283    0.042844    0.095869
1284    0.042872    0.095794
1285    0.043319    0.095720
1286    0.043181    0.095645
1287    0.043654    0.095571
1288    0.042318    0.095497
1289    0.042095    0.095423
1290    0.041325    0.095349
1291    0.041047    0.095275
1292    0.040422    0.095201
1293    0.039860    0.095128
1294    0.039901    0.095054
1295    0.040574    0.094981
1296    0.040560    0.094907
1297    0.040810    0.094834
1298    0.040756    0.094761
1299    0.041923    0.095458
1300    0.041904    0.095385
1301    0.042264    0.095311
1302    0.043014    0.095238
1303    0.042613    0.095165
1304    0.041410    0.095092
1305    0.040628    0.095019
1306    0.040714    0.094946
1307    0.039422    0.094874
1308    0.038481    0.094801
1309    0.038962    0.094729
1310    0.039672    0.094656
1311    0.038494    0.094584
1312    0.038486    0.094512
1313    0.038754    0.094440
1314    0.038899    0.094368
1315    0.038694    0.094297
1316    0.039055    0.094225
1317    0.038948    0.094153
1318    0.038654    0.094082
1319    0.038687    0.094011
1320    0.038280    0.093939
1321    0.037160    0.093868
1322    0.037698    0.093797
1323    0.037182    0.093726
1324    0.037102    0.093656
1325    0.036672    0.093585
1326    0.036242    0.093514
1327    0.036569    0.093444
1328    0.036842    0.093373
1329    0.037437    0.093303
1330    0.037492    0.093233
1331    0.037123    0.093163
1332    0.037047    0.093093
1333    0.036083    0.093023
1334    0.036003    0.092954
1335    0.035304    0.092884
1336    0.034521    0.092814
1337    0.036410    0.093493
1338    0.036000    0.093423
1339    0.035569    0.093353
1340    0.035520    0.093284
1341    0.034434    0.093214
1342    0.033695    0.093145
1343    0.033235    0.093075
1344    0.034698    0.093750
1345    0.034068    0.093680
1346    0.034379    0.093611
1347    0.033675    0.093541
1348    0.033015    0.093472
1349    0.034198    0.093403
1350    0.034209    0.093333
1351    0.034046    0.093264
1352    0.035047    0.093935
1353    0.034561    0.093865
1354    0.033101    0.093796
1355    0.033613    0.093727
1356    0.032228    0.093658
1357    0.033626    0.094326
1358    0.033148    0.094256
1359    0.033188    0.094187
1360    0.031941    0.094118
1361    0.032423    0.094783
1362    0.033745    0.095448
1363    0.033603    0.095378
1364    0.033914    0.095308
1365    0.034203    0.095238
1366    0.034439    0.095168
1367    0.034787    0.095099
1368    0.035412    0.095029
1369    0.036678    0.095690
1370    0.037066    0.095620
1371    0.037567    0.095551
1372    0.038706    0.096210
1373    0.039623    0.096868
1374    0.038257    0.096798
1375    0.038556    0.096727
1376    0.039308    0.097384
1377    0.039534    0.097313
1378    0.040002    0.097242
1379    0.041121    0.097172
1380    0.041277    0.097101
1381    0.041617    0.097031
1382    0.041158    0.096961
1383    0.040958    0.096891
1384    0.041269    0.096821
1385    0.041140    0.096751
1386    0.042844    0.096681
1387    0.042446    0.096611
1388    0.042732    0.096542
1389    0.043573    0.097192
1390    0.043432    0.097122
1391    0.042954    0.097052
1392    0.043676    0.096983
1393    0.044591    0.097631
1394    0.045171    0.097561
1395    0.045591    0.097491
1396    0.046202    0.097421
1397    0.046403    0.097351
1398    0.046953    0.097997
1399    0.048509    0.098642
1400    0.048014    0.098571
1401    0.049323    0.098501
1402    0.050505    0.099144
1403    0.048789    0.099073
1404    0.048233    0.099003
1405    0.048995    0.099644
1406    0.049150    0.099573
1407    0.048341    0.099502
1408    0.046700    0.099432
1409    0.046632    0.099361
1410    0.047803    0.100000
1411    0.048056    0.099929
1412    0.048182    0.099858
1413    0.047799    0.099788
1414    0.047765    0.099717
1415    0.047325    0.099647
1416    0.046905    0.099576
1417    0.048498    0.100212
1418    0.048424    0.100141
1419    0.048298    0.100070
1420    0.047918    0.100000
1421    0.049747    0.100633
1422    0.049999    0.100563
1423    0.050516    0.100492
1424    0.050359    0.100421
1425    0.050995    0.100351
1426    0.051631    0.100281
1427    0.051251    0.100210
1428    0.051915    0.100840
1429    0.050176    0.100770
1430    0.049819    0.100699
1431    0.048063    0.100629
1432    0.046910    0.100559
1433    0.046978    0.100488
1434    0.045297    0.100418
1435    0.045797    0.100348
1436    0.045573    0.100279
1437    0.045264    0.100209
1438    0.044682    0.100139
1439    0.046151    0.100764
1440    0.046691    0.101389
1441    0.047010    0.101319
1442    0.047920    0.101942
1443    0.047541    0.101871
1444    0.047147    0.101801
1445    0.048012    0.102422
1446    0.048420    0.102351
1447    0.049102    0.102281
1448    0.048487    0.102210
1449    0.048398    0.102139
1450    0.047951    0.102069
1451    0.047430    0.101999
1452    0.045992    0.101928
1453    0.045239    0.101858
1454    0.045155    0.101788
1455    0.044955    0.101718
1456    0.044873    0.101648
1457    0.044145    0.101579
1458    0.045118    0.101509
1459    0.045786    0.101439
1460    0.045842    0.101370
1461    0.047142    0.101985
1462    0.047297    0.101915
1463    0.047786    0.101846
1464    0.046244    0.101776
1465    0.045679    0.101706
1466    0.045438    0.101637
1467    0.044948    0.101568
1468    0.044920    0.101499
1469    0.044739    0.101430
1470    0.045939    0.102041
1471    0.045313    0.101971
1472    0.044375    0.101902
1473    0.043186    0.101833
1474    0.043483    0.101764
1475    0.043020    0.101695
1476    0.043362    0.101626
1477    0.043237    0.101557
1478    0.044230    0.102165
1479    0.044332    0.102096
1480    0.044498    0.102027
1481    0.044981    0.101958
1482    0.044787    0.101889
1483    0.044426    0.101821
1484    0.044025    0.101752
1485    0.044223    0.101684
1486    0.044459    0.102288
1487    0.043726    0.102219
1488    0.044258    0.102151
1489    0.044256    0.102082
1490    0.043748    0.102013
1491    0.044664    0.102616
1492    0.044565    0.102547
1493    0.044014    0.102478
1494    0.043637    0.102410
1495    0.042942    0.102341
1496    0.041783    0.102273
1497    0.042694    0.102872
1498    0.043047    0.102804
1499    0.042583    0.102735
1500    0.041777    0.102667
1501    0.042329    0.102598
1502    0.041337    0.102530
1503    0.041138    0.102462
1504    0.039642    0.102394
1505    0.040284    0.102990
1506    0.039884    0.102922
1507    0.038854    0.102853
1508    0.038926    0.102785
1509    0.038433    0.102717
1510    0.038252    0.102649
1511    0.037892    0.102581
1512    0.036932    0.102513
1513    0.037218    0.102445
1514    0.036946    0.102378
1515    0.038071    0.102310
1516    0.038681    0.102243
1517    0.038455    0.102175
1518    0.037994    0.102108
1519    0.037290    0.102041
1520    0.038692    0.102632
1521    0.037781    0.102564
1522    0.037530    0.102497
1523    0.037547    0.102429
1524    0.037561    0.102362
1525    0.038083    0.102295
1526    0.036429    0.102228
1527    0.036427    0.102161
1528    0.035767    0.102094
1529    0.035876    0.102027
1530    0.036404    0.101961
1531    0.035262    0.101894
1532    0.035311    0.101828
1533    0.035584    0.101761
1534    0.035373    0.101695
1535    0.035760    0.101629
1536    0.035067    0.101562
1537    0.035558    0.101496
1538    0.036303    0.101430
1539    0.036645    0.101365
1540    0.036487    0.101299
1541    0.035042    0.101233
1542    0.034664    0.101167
1543    0.033820    0.101102
1544    0.033952    0.101036
1545    0.034862    0.100971
1546    0.034355    0.100906
1547    0.034471    0.100840
1548    0.033810    0.100775
1549    0.033184    0.100710
1550    0.032963    0.100645
1551    0.031885    0.100580
1552    0.032175    0.100515
1553    0.032121    0.100451
1554    0.032793    0.100386
1555    0.032506    0.100322
1556    0.032338    0.100257
1557    0.032670    0.100193
1558    0.033661    0.100770
1559    0.033627    0.100706
1560    0.033478    0.100641
1561    0.033464    0.100577
1562    0.032775    0.100512
1563    0.033525    0.100448
1564    0.033357    0.100384
1565    0.033172    0.100319
1566    0.033873    0.100894
1567    0.033976    0.100830
1568    0.033413    0.100765
1569    0.033821    0.100701
1570    0.033406    0.100637
1571    0.032409    0.100573
1572    0.032219    0.100509
1573    0.032451    0.100445
1574    0.032125    0.100381
1575    0.031770    0.100317
1576    0.032296    0.100254
1577    0.032561    0.100190
1578    0.033143    0.100127
1579    0.032131    0.100063
1580    0.032634    0.100000
1581    0.032686    0.099937
1582    0.032442    0.099874
1583    0.032375    0.099810
1584    0.032270    0.099747
1585    0.031400    0.099685
1586    0.031000    0.099622
1587    0.031441    0.099559
1588    0.032360    0.100126
1589    0.033015    0.100063
1590    0.033291    0.100000
1591    0.034142    0.100566
1592    0.034111    0.100503
1593    0.035259    0.100439
1594    0.035319    0.100376
1595    0.035959    0.100313
1596    0.036714    0.100251
1597    0.036306    0.100188
1598    0.035537    0.100125
1599    0.035941    0.100063
1600    0.036478    0.100000
1601    0.037050    0.099938
1602    0.038519    0.100499
1603    0.038607    0.100437
1604    0.038450    0.100374
1605    0.038222    0.100312
1606    0.038765    0.100872
1607    0.039541    0.101431
1608    0.039890    0.101368
1609    0.039661    0.101305
1610    0.039663    0.101863
1611    0.039626    0.101800
1612    0.039227    0.101737
1613    0.038572    0.101674
1614    0.039252    0.102230
1615    0.039859    0.102167
1616    0.040722    0.102104
1617    0.041172    0.102041
1618    0.041291    0.101978
1619    0.041026    0.101915
1620    0.040852    0.101852
1621    0.040748    0.101789
1622    0.040415    0.101726
1623    0.039726    0.101664
1624    0.039185    0.101601
1625    0.039523    0.101538
1626    0.039708    0.101476
1627    0.039225    0.101414
1628    0.039526    0.101351
1629    0.039412    0.101289
1630    0.039491    0.101227
1631    0.039719    0.101165
1632    0.040364    0.101103
1633    0.041233    0.101653
1634    0.040925    0.101591
1635    0.040410    0.101529
1636    0.040107    0.101467
1637    0.040257    0.101405
1638    0.041217    0.101343
1639    0.041097    0.101281
1640    0.042431    0.101220
1641    0.042214    0.101158
1642    0.042646    0.101096
1643    0.040832    0.101035
1644    0.040673    0.100973
1645    0.039250    0.100912
1646    0.038476    0.100851
1647    0.038621    0.100789
1648    0.039409    0.100728
1649    0.039141    0.100667
1650    0.038667    0.100606
1651    0.038877    0.100545
1652    0.040333    0.101090
1653    0.040033    0.101028
1654    0.039270    0.100967
1655    0.038733    0.100906
1656    0.037481    0.100845
1657    0.036962    0.100785
1658    0.037928    0.100724
1659    0.038463    0.100663
1660    0.038410    0.100602
1661    0.038968    0.101144
1662    0.039097    0.101083
1663    0.038685    0.101022
1664    0.038231    0.100962
1665    0.038265    0.100901
1666    0.038094    0.100840
1667    0.037745    0.100780
1668    0.037368    0.100719
1669    0.038254    0.100659
1670    0.037813    0.100599
1671    0.037790    0.100539
1672    0.037501    0.100478
1673    0.036882    0.100418
1674    0.036102    0.100358
1675    0.034688    0.100299
1676    0.034291    0.100239
1677    0.034585    0.100179
1678    0.033337    0.100119
1679    0.033063    0.100060
1680    0.032904    0.100000
1681    0.032799    0.099941
1682    0.033383    0.099881
1683    0.032940    0.099822
1684    0.032815    0.099762
1685    0.033282    0.100297
1686    0.032970    0.100237
1687    0.033012    0.100178
1688    0.032586    0.100118
1689    0.031533    0.100059
1690    0.030866    0.100000
1691    0.030385    0.099941
1692    0.029795    0.099882
1693    0.029999    0.099823
1694    0.029569    0.099764
1695    0.029772    0.100295
1696    0.029699    0.100236
1697    0.029167    0.100177
1698    0.028559    0.100118
1699    0.026971    0.100059
1700    0.028141    0.100588
1701    0.029208    0.101117
1702    0.029535    0.101058
1703    0.029407    0.100998
1704    0.029266    0.100939
1705    0.028590    0.100880
1706    0.028679    0.100821
1707    0.028684    0.100762
1708    0.028002    0.100703
1709    0.027430    0.100644
1710    0.028035    0.100585
1711    0.027484    0.100526
1712    0.027912    0.100467
1713    0.028758    0.100409
1714    0.029097    0.100350
1715    0.028485    0.100292
1716    0.028705    0.100233
1717    0.026689    0.100175
1718    0.026877    0.100116
1719    0.026744    0.100058
1720    0.027088    0.100000
1721    0.026219    0.099942
1722    0.025660    0.099884
1723    0.025617    0.099826
1724    0.026229    0.099768
1725    0.026236    0.099710
1726    0.025762    0.099652
1727    0.026643    0.099595
1728    0.026651    0.099537
1729    0.026687    0.099479
1730    0.027135    0.099422
1731    0.027053    0.099365
1732    0.026228    0.099307
1733    0.026893    0.099827
1734    0.027762    0.099769
1735    0.028279    0.099712
1736    0.029545    0.100230
1737    0.029417    0.100173
1738    0.029947    0.100115
1739    0.030694    0.100633
1740    0.030023    0.100575
1741    0.030817    0.101091
1742    0.030790    0.101033
1743    0.030830    0.100975
1744    0.030647    0.100917
1745    0.029980    0.100860
1746    0.029701    0.100802
1747    0.030618    0.101317
1748    0.031202    0.101831
1749    0.030984    0.101772
1750    0.031037    0.101714
1751    0.031205    0.101656
1752    0.030521    0.101598
1753    0.031569    0.101540
1754    0.031577    0.101482
1755    0.031849    0.101425
1756    0.032915    0.101936
1757    0.033180    0.101878
1758    0.032628    0.101820
1759    0.031960    0.101762
1760    0.030354    0.101705
1761    0.029620    0.101647
1762    0.029397    0.101589
1763    0.029516    0.101531
1764    0.028469    0.101474
1765    0.028580    0.101416
1766    0.028223    0.101359
1767    0.028425    0.101302
1768    0.028626    0.101244
1769    0.028664    0.101187
1770    0.027269    0.101130
1771    0.026700    0.101073
1772    0.026402    0.101016
1773    0.026136    0.100959
1774    0.025899    0.100902
1775    0.026180    0.100845
1776    0.025686    0.100788
1777    0.026242    0.101294
1778    0.025254    0.101237
1779    0.026482    0.101743
1780    0.025386    0.101685
1781    0.025216    0.101628
1782    0.025605    0.101571
1783    0.026662    0.101514
1784    0.027455    0.101457
1785    0.028839    0.101961
1786    0.028262    0.101904
1787    0.028187    0.101847
1788    0.028274    0.101790
1789    0.028412    0.101733
1790    0.028391    0.101676
1791    0.027593    0.101619
1792    0.027390    0.101562
1793    0.026818    0.101506
1794    0.026897    0.101449
1795    0.025288    0.101393
1796    0.025444    0.101336
1797    0.024880    0.101280
1798    0.024493    0.101224
1799    0.024049    0.101167
1800    0.025456    0.101667
1801    0.025239    0.101610
1802    0.025085    0.101554
1803    0.025443    0.101498
1804    0.025025    0.101441
1805    0.024926    0.101385
1806    0.025132    0.101329
1807    0.024911    0.101273
1808    0.024964    0.101217
1809    0.024140    0.101161
1810    0.023175    0.101105
1811    0.022881    0.101049
1812    0.022352    0.100993
1813    0.022426    0.100938
1814    0.022582    0.100882
1815    0.022621    0.100826
1816    0.022754    0.100771
1817    0.022470    0.100715
1818    0.022420    0.100660
1819    0.022489    0.100605
1820    0.022054    0.100549
1821    0.022197    0.100494
1822    0.023142    0.100988
1823    0.023951    0.100933
1824    0.024213    0.100877
1825    0.023628    0.100822
1826    0.023194    0.100767
1827    0.023954    0.100712
1828    0.024122    0.100656
1829    0.025044    0.101148
1830    0.025344    0.101093
1831    0.025082    0.101038
1832    0.024963    0.100983
1833    0.024786    0.100927
1834    0.025571    0.101418
1835    0.025328    0.101362
1836    0.024807    0.101307
1837    0.025148    0.101252
1838    0.025294    0.101197
1839    0.026238    0.101142
1840    0.026099    0.101087
1841    0.025166    0.101032
1842    0.025544    0.101520
1843    0.026413    0.102008
1844    0.026941    0.101952
1845    0.026819    0.101897
1846    0.025789    0.101842
1847    0.025954    0.101787
1848    0.025614    0.101732
1849    0.026254    0.102217
1850    0.026598    0.102162
1851    0.026383    0.102107
1852    0.026739    0.102052
1853    0.027359    0.102536
1854    0.026876    0.102481
1855    0.027112    0.102426
1856    0.026777    0.102371
1857    0.026372    0.102316
1858    0.027157    0.102799
1859    0.026877    0.102743
1860    0.026938    0.102688
1861    0.025622    0.102633
1862    0.025321    0.102578
1863    0.025836    0.102523
1864    0.026218    0.102468
1865    0.026499    0.102413
1866    0.027709    0.102894
1867    0.027439    0.102839
1868    0.027711    0.103319
1869    0.026811    0.103264
1870    0.026717    0.103209
1871    0.026628    0.103153
1872    0.026514    0.103098
1873    0.026464    0.103043
1874    0.024840    0.102988
1875    0.024902    0.102933
1876    0.024968    0.102878
1877    0.025254    0.102824
1878    0.024936    0.102769
1879    0.024661    0.102714
1880    0.024577    0.102660
1881    0.024114    0.102605
1882    0.024203    0.102550
1883    0.025630    0.103027
1884    0.025438    0.102972
1885    0.026243    0.102918
1886    0.026183    0.102863
1887    0.026534    0.103339
1888    0.026867    0.103284
1889    0.026899    0.103229
1890    0.027211    0.103175
1891    0.027392    0.103120
1892    0.026537    0.103066
1893    0.025863    0.103011
1894    0.026005    0.102957
1895    0.026586    0.102902
1896    0.026805    0.102848
1897    0.026041    0.102794
1898    0.026446    0.102740
1899    0.026033    0.102686
1900    0.025571    0.102632
1901    0.026226    0.102578
1902    0.026910    0.103049
1903    0.026957    0.102995
1904    0.026185    0.102941
1905    0.026103    0.102887
1906    0.026192    0.102833
1907    0.026028    0.102779
1908    0.026420    0.102725
1909    0.025662    0.102672
1910    0.026056    0.102618
1911    0.026215    0.102564
1912    0.026412    0.102510
1913    0.027704    0.102980
1914    0.027923    0.102926
1915    0.027955    0.102872
1916    0.028202    0.102818
1917    0.028111    0.102765
1918    0.027513    0.102711
1919    0.027666    0.102658
1920    0.027420    0.102604
1921    0.026815    0.102551
1922    0.027050    0.102497
1923    0.027262    0.102444
1924    0.027980    0.102911
1925    0.028078    0.102857
1926    0.028250    0.102804
1927    0.027816    0.102750
1928    0.027887    0.102697
1929    0.027427    0.102644
1930    0.027127    0.102591
1931    0.026455    0.102538
1932    0.026305    0.102484
1933    0.026648    0.102431
1934    0.026176    0.102378
1935    0.026612    0.102326
1936    0.026162    0.102273
1937    0.026161    0.102220
1938    0.025195    0.102167
1939    0.025491    0.102114
1940    0.025901    0.102062
1941    0.025329    0.102009
1942    0.025051    0.101957
1943    0.025219    0.101904
1944    0.025160    0.101852
1945    0.025544    0.101799
1946    0.024542    0.101747
1947    0.024068    0.101695
1948    0.023302    0.101643
1949    0.023062    0.101591
1950    0.022411    0.101538
1951    0.022368    0.101486
1952    0.021987    0.101434
1953    0.021726    0.101382
1954    0.022334    0.101842
1955    0.021878    0.101790
1956    0.022481    0.101738
1957    0.023299    0.101686
1958    0.023161    0.101634
1959    0.023127    0.101582
1960    0.023669    0.101531
1961    0.024017    0.101479
1962    0.023828    0.101427
1963    0.023866    0.101375
1964    0.024112    0.101324
1965    0.024936    0.101781
1966    0.024615    0.101729
1967    0.026052    0.102186
1968    0.026112    0.102134
1969    0.026577    0.102082
1970    0.025421    0.102030
1971    0.025750    0.101979
1972    0.025887    0.101927
1973    0.026382    0.102382
1974    0.026703    0.102330
1975    0.026273    0.102278
1976    0.025278    0.102227
1977    0.025583    0.102175
1978    0.025539    0.102123
1979    0.026219    0.102072
1980    0.026211    0.102020
1981    0.026563    0.101969
1982    0.026888    0.101917
1983    0.026695    0.101866
1984    0.026881    0.101815
1985    0.026516    0.101763
1986    0.027420    0.102216
1987    0.027036    0.102164
1988    0.026916    0.102113
1989    0.026224    0.102061
1990    0.026902    0.102010
1991    0.026166    0.101959
1992    0.025822    0.101908
1993    0.025517    0.101856
1994    0.025241    0.101805
1995    0.026028    0.101754
1996    0.025228    0.101703
1997    0.026266    0.102153
1998    0.026279    0.102102
1999    0.025499    0.102051
2000    0.025451    0.102000
2000    0.025451    0.102000
